4.015428610695759744e+03 1.454085909563969326e-40 3.402303566866322626e+00
4.104457079819130740e+03 2.671224358034236328e-40 2.743515315458798121e+00
4.195459452374213470e+03 4.925330618790276279e-40 2.102476774975634566e+00
4.288479492954472335e+03 8.933945204977876403e-40 1.526882373744472776e+00
4.383561936484342368e+03 1.398725654784380345e-39 1.284920059904005818e+00
4.480752509733024453e+03 2.067656207019201522e-39 1.119736965042156251e+00
4.580097953305264127e+03 3.050100407109252690e-39 9.668499029389402422e-01
4.681646044119707767e+03 4.195649339367214722e-39 1.190788723584636166e+00
4.785445618385639136e+03 5.819954910758778382e-39 1.381999297702443785e+00
4.891546595089143921e+03 7.861270252252702593e-39 1.581077635842360163e+00
4.999999999999999091e+03 1.078813404196872960e-38 1.512263420346075193e+00
5.110857990210843127e+03 1.481099522162362982e-38 1.439615365320566331e+00
5.224173879220409617e+03 2.033697958154290744e-38 1.366490836421850652e+00
5.340002162572882298e+03 2.732098292163905762e-38 1.201898013845660085e+00
5.458398544065759779e+03 3.641742203602004089e-38 1.025327803896686429e+00
5.579419962538745494e+03 4.862464747976673623e-38 8.334487415512052966e-01
5.703124619256606820e+03 6.319863560036816653e-38 7.104405469947339125e-01
5.829572005899161013e+03 8.123184251269244452e-38 6.020420936793255962e-01
5.958822933171836667e+03 1.036603459710059041e-37 4.938162013106758286e-01
6.090939560050579530e+03 1.289427272835990851e-37 4.287456922449140451e-01
6.225985423675165293e+03 1.593510293204199310e-37 3.749097357741791314e-01
6.364025469905292084e+03 1.964008634650674785e-37 3.215099985358101931e-01
6.505126084554156478e+03 2.359382726467537664e-37 2.892880209345403686e-01
6.649355125314518773e+03 2.815463564693721267e-37 2.640140927821257866e-01
6.796781954392633452e+03 3.359929134352903681e-37 2.386251692749403464e-01
6.947477471865693587e+03 3.960030472052734989e-37 2.179831172877696455e-01
7.101514149778922729e+03 4.613018027803166205e-37 2.004856958828303004e-01
7.258966066998594215e+03 5.374169530667360872e-37 1.829243146068393611e-01
7.419908944837829949e+03 6.203543060999817997e-37 1.693737846493170440e-01
7.584420183472267126e+03 7.118862032792877976e-37 1.584796473919833915e-01
7.752578899163125243e+03 8.130559858934396903e-37 1.479119556746437969e-01
7.924465962305569519e+03 9.224238802945232711e-37 1.394680233676146297e-01
8.100164036320657033e+03 1.041041779973348402e-36 1.327993279635259760e-01
8.279757617409590239e+03 1.174935353141274327e-36 1.261785886129616896e-01
8.463333075189379088e+03 1.316029042495218816e-36 1.202344399898273852e-01
8.650978694229470420e+03 1.465319441305040346e-36 1.149851241022105675e-01
8.842784716509291684e+03 1.631593536114252730e-36 1.097713183691343408e-01
9.038843384817178958e+03 1.810677541963181791e-36 1.053002018894117625e-01
9.239248987111461247e+03 1.997697356416048948e-36 1.017866652784842479e-01
9.444097901865212407e+03 2.201979925930996782e-36 9.826884932287881236e-02
9.653488644416256648e+03 2.421183474702109442e-36 9.521669262222494379e-02
9.867521914344893958e+03 2.650507416590337587e-36 9.297158080571558958e-02
1.008630064390205189e+04 2.898954209915663771e-36 9.069681705672671956e-02
1.030993004751111584e+04 3.160671531094722915e-36 8.856176574102661569e-02
1.053851767236741034e+04 3.431622504414368937e-36 8.695287793696915291e-02
1.077217345015943101e+04 3.725850458321351977e-36 8.535920005742048122e-02
1.101100974993688942e+04 4.040343311951721683e-36 8.392520584112463100e-02
1.125514143215089098e+04 4.362151413597547872e-36 8.293996722983137948e-02
1.150468590389229939e+04 4.699142937771312633e-36 8.174922110180367352e-02
1.175976317535480484e+04 5.058356137477476197e-36 8.065219680053017925e-02
1.202049591754986977e+04 5.424824323382290804e-36 7.999545193628601614e-02
1.228700952130131554e+04 5.817910895449253675e-36 7.934183844663390828e-02
1.255943215754790981e+04 6.236939021172829874e-36 7.872359986929167164e-02
1.283789483898294930e+04 6.650584918235199464e-36 7.815784332526376499e-02
1.312253148306051298e+04 7.090144531108365451e-36 7.756675013920766304e-02
1.341347897639863550e+04 7.557656914633330174e-36 7.698765371057141038e-02
1.371087724061042718e+04 8.028867033006486027e-36 7.664733963619865809e-02
1.401486929959476038e+04 8.529566086868082922e-36 7.630776903594638227e-02
1.432560134831890718e+04 9.051898393871724757e-36 7.584438514901167827e-02
1.464322282312618518e+04 9.570273133227363521e-36 7.549522065280428462e-02
1.496788647360244977e+04 1.011802588352528401e-35 7.514972775595485377e-02
1.529974843603597765e+04 1.069736039732710775e-35 7.480487167348490174e-02
1.563896830850606784e+04 1.128366001872882326e-35 7.461605822998623738e-02
1.598570922763648014e+04 1.189408092995426703e-35 7.438349926382767374e-02
1.634013794705062537e+04 1.252837293943478362e-35 7.406331116494302425e-02
1.670242491756621894e+04 1.316590008279080516e-35 7.384280567095385939e-02
1.707274436916800187e+04 1.383097918291911869e-35 7.363871951635479751e-02
1.745127439479789609e+04 1.453021115942440649e-35 7.343452939274408564e-02
1.783819703600294451e+04 1.523932166636927550e-35 7.328200089756994884e-02
1.823369837048220870e+04 1.596474895437916950e-35 7.306252645101493637e-02
1.863796860157468836e+04 1.672564583307936729e-35 7.284307042364535079e-02
1.905120214973136535e+04 1.749481478049814905e-35 7.270064348454519099e-02
1.947359774601530808e+04 1.828950200647126093e-35 7.258454863335815632e-02
1.990535852767484539e+04 1.912171383568806432e-35 7.246577324466882408e-02
2.034669213583570672e+04 1.995008568357916142e-35 7.228880040221206948e-02
2.079781081535921112e+04 2.080146669430900236e-35 7.212036408787912689e-02
2.125893151691446838e+04 2.169107625848647380e-35 7.195028468515521358e-02
2.173027600131349027e+04 2.259597604919892624e-35 7.180716110658652562e-02
2.221207094615999813e+04 2.352439486549879312e-35 7.167867550915210662e-02
2.270454805486239275e+04 2.448265227858239809e-35 7.151808617068783347e-02
2.320794416806390655e+04 2.545511749186919006e-35 7.137031685324378427e-02
2.372250137754331445e+04 2.645090066567712458e-35 7.124434354287469129e-02
2.424846714264099865e+04 2.748896400196007446e-35 7.111361217371237053e-02
2.478609440926637399e+04 2.855218211470534534e-35 7.099887766878508477e-02
2.533564173154387390e+04 2.963028627093169563e-35 7.088677680724372876e-02
2.589737339615606106e+04 3.073861785067067895e-35 7.074896067295993740e-02
2.647155954944358746e+04 3.187491033758412480e-35 7.061935879865627319e-02
2.705847632732318380e+04 3.303260922915364913e-35 7.050124704475781157e-02
2.765840598808613140e+04 3.423761875445794500e-35 7.037587134558492830e-02
2.827163704814115044e+04 3.547407825107110981e-35 7.024314099869029271e-02
2.889846442076662061e+04 3.670823136762153054e-35 7.009060262474330061e-02
2.953918955793977511e+04 3.799073589555069696e-35 6.993243338775281814e-02
3.019412059530984334e+04 3.930417420141138007e-35 6.977998167572266319e-02
3.086357250038582060e+04 4.062043847315271725e-35 6.964837832013871799e-02
3.154786722400971121e+04 4.198837944095593444e-35 6.950744472209134661e-02
3.224733385518816431e+04 4.338039804344729799e-35 6.935529285258491827e-02
3.296230877935701574e+04 4.482155401234070221e-35 6.919674907297308775e-02
3.369313584015476954e+04 4.631790164699193469e-35 6.903164900506719714e-02
3.444016650478287193e+04 4.781374940560292170e-35 6.888559670266262980e-02
3.520376003303228208e+04 4.935220364851218469e-35 6.873689231559212964e-02
3.598428365005763771e+04 5.092381247863324919e-35 6.858312483742977361e-02
3.678211272298209951e+04 5.253868699046040320e-35 6.842532025613097535e-02
3.759763094141780311e+04 5.421325453040681250e-35 6.826118295984907880e-02
3.843123050198872079e+04 5.592339313764857445e-35 6.809844030399420101e-02
3.928331229694475041e+04 5.763677200313827305e-35 6.794536658158221998e-02
4.015428610695759562e+04 5.939376435964793333e-35 6.778663118369789020e-02
4.104457079819130013e+04 6.118203647004728643e-35 6.762666743462378283e-02
4.195459452374214015e+04 6.303369982182472859e-35 6.746092894194202771e-02
4.288479492954472516e+04 6.495166579003880838e-35 6.728908959806866041e-02
4.383561936484342732e+04 6.686913163228694767e-35 6.711893665634607875e-02
4.480752509733024635e+04 6.883221977130572108e-35 6.694554876367005136e-02
4.580097953305263945e+04 7.081547510189239965e-35 6.678359161246470721e-02
4.681646044119707949e+04 7.286620073082630187e-35 6.661644959274938549e-02
4.785445618385639682e+04 7.498732206325675205e-35 6.644389805626534085e-02
4.891546595089143375e+04 7.715164610044537118e-35 6.627033423950390301e-02
4.999999999999999272e+04 7.932899004407971932e-35 6.609938890816359491e-02
5.110857990210843127e+04 8.152093696171538632e-35 6.594269369484222210e-02
5.224173879220404342e+04 8.377700372803916032e-35 6.578398156661084684e-02
5.340002162572876841e+04 8.610706383752519707e-35 6.562065319936888352e-02
5.458398544065754686e+04 8.851416394347717328e-35 6.545255925443836664e-02
5.579419962538739492e+04 9.092959113648778353e-35 6.528678432745391169e-02
5.703124619256600272e+04 9.336203650094962974e-35 6.513284020617857162e-02
5.829572005899154465e+04 9.584320217956757989e-35 6.498399524129416793e-02
5.958822933171829936e+04 9.840213489890031092e-35 6.483148046119513452e-02
6.090939560050573346e+04 1.010418353151778915e-34 6.467519677893820984e-02
6.225985423675158381e+04 1.037313756560760596e-34 6.451605875708411875e-02
6.364025469905285718e+04 1.064099315589284724e-34 6.436501984547021715e-02
6.505126084554163390e+04 1.091182295026302479e-34 6.422717947253148152e-02
6.649355125314525503e+04 1.119073964352862565e-34 6.408625477216908783e-02
6.796781954392633634e+04 1.147803559327544019e-34 6.394218226041950559e-02
6.947477471865693224e+04 1.177401566157507671e-34 6.379490240191269812e-02
7.101514149778922729e+04 1.207015652159655047e-34 6.363422032782442561e-02
7.258966066998594033e+04 1.236562819116233569e-34 6.349141021166983256e-02
7.419908944837830495e+04 1.266951652571258889e-34 6.334641222333335653e-02
7.584420183472266945e+04 1.298210661868150753e-34 6.319919200250002922e-02
7.752578899163125607e+04 1.330369478653979422e-34 6.304971832754636962e-02
7.924465962305568974e+04 1.363110792675657322e-34 6.290249215086557433e-02
8.100164036320656305e+04 1.395271671737205456e-34 6.278436798141924513e-02
8.279757617409589875e+04 1.428193959464239947e-34 6.266738863848955732e-02
8.463333075189379451e+04 1.462013478282997750e-34 6.254865784488634894e-02
8.650978694229488610e+04 1.496758843827627975e-34 6.242815039208586547e-02
8.842784716509310238e+04 1.532459715408572004e-34 6.230584354973319611e-02
9.038843384817188780e+04 1.567640680417457599e-34 6.221544909568123977e-02
9.239248987111471070e+04 1.603224500917000527e-34 6.213549044034237523e-02
9.444097901865221502e+04 1.639730607006919902e-34 6.205415338309204498e-02
9.653488644416266470e+04 1.677186507993409942e-34 6.197141128495200352e-02
9.867521914344903780e+04 1.715620638373338296e-34 6.188723928519315048e-02
1.008630064390205080e+05 1.754051840600442269e-34 6.180659885518707819e-02
1.030993004751111584e+05 1.791858425386484065e-34 6.173241119330009213e-02
1.053851767236740998e+05 1.830594119975498273e-34 6.165700559060707103e-02
1.077217345015943138e+05 1.870285064733924261e-34 6.158036556537514056e-02
1.101100974993688869e+05 1.910958223743597856e-34 6.150247606816786755e-02
1.125514143215089134e+05 1.952466595705004062e-34 6.142668834018802371e-02
1.150468590389229939e+05 1.993909147520933649e-34 6.137034421213086871e-02
1.175976317535480484e+05 2.036334819379181691e-34 6.131334366773684430e-02
1.202049591754987050e+05 2.079769676529086669e-34 6.125566624412333988e-02
1.228700952130131627e+05 2.124240544562028674e-34 6.119729245505305809e-02
1.255943215754790872e+05 2.169775033207216558e-34 6.113820380815123551e-02
1.283789483898295002e+05 2.213486120613950762e-34 6.109696480915094430e-02
1.312253148306051153e+05 2.257821484767137166e-34 6.105726469890874336e-02
1.341347897639863368e+05 2.303150924667984575e-34 6.101683650508989837e-02
1.371087724061042536e+05 2.349499329227562433e-34 6.097566499863824041e-02
1.401486929959476111e+05 2.396892270858549577e-34 6.093373575859022118e-02
1.432560134831890755e+05 2.444472471436629274e-34 6.090442959060941158e-02
1.464322282312618336e+05 2.492591612216189678e-34 6.088216563983842727e-02
1.496788647360244941e+05 2.541752899756003864e-34 6.085952841548492726e-02
1.529974843603597838e+05 2.591981056136539178e-34 6.083649905573542543e-02
1.563896830850606784e+05 2.643301437332428363e-34 6.081305928995422300e-02
1.598570922763647977e+05 2.694542280528281215e-34 6.078458664800173716e-02
1.634013794705062464e+05 2.744977344704238423e-34 6.074860261187748495e-02
1.670242491756622039e+05 2.796449059502278184e-34 6.071227605388547499e-02
1.707274436916800041e+05 2.848980678803205374e-34 6.067559577285408512e-02
1.745127439479789464e+05 2.902596018407498118e-34 6.063855104933368184e-02
1.783819703600294597e+05 2.957101788537191107e-34 6.060367741412156506e-02
1.823369837048220797e+05 3.011379439986645995e-34 6.058399811587666939e-02
1.863796860157468764e+05 3.066736007040973883e-34 6.056423211789119937e-02
1.905120214973136317e+05 3.123194533088363085e-34 6.054436420070996583e-02
1.947359774601530808e+05 3.180778584931675967e-34 6.052437954014512622e-02
1.990535852767488395e+05 3.239512265274471559e-34 6.050426370806285398e-02
2.034669213583574747e+05 3.295940933603228425e-34 6.051146899166885001e-02
2.079781081535925332e+05 3.353001447436049920e-34 6.052171577023364446e-02
2.125893151691446838e+05 3.411128485000021081e-34 6.053165311837081786e-02
2.173027600131348881e+05 3.470343420871893272e-34 6.054126855252013606e-02
2.221207094615999958e+05 3.530668084381241872e-34 6.055054990349585664e-02
2.270454805486239493e+05 3.591287730230432277e-34 6.056833146941337925e-02
2.320794416806390800e+05 3.652546142327464477e-34 6.059083158916565848e-02
2.372250137754331517e+05 3.714921094810645442e-34 6.061313135279280256e-02
2.424846714264100010e+05 3.778434166652954531e-34 6.063521744932848928e-02
2.478609440926637326e+05 3.843107375480761815e-34 6.065707685188510834e-02
2.533564173154387390e+05 3.907930386166864369e-34 6.067604444560464882e-02
2.589737339615605888e+05 3.972295125492314759e-34 6.069061745887455173e-02
2.647155954944363912e+05 4.037799466932083822e-34 6.070488991145184254e-02
2.705847632732323837e+05 4.104464911948923006e-34 6.071885131296032856e-02
2.765840598808618961e+05 4.172313390106325501e-34 6.073249144179338616e-02
2.827163704814115190e+05 4.240981753392824295e-34 6.074936747414869803e-02
2.889846442076662206e+05 4.308480071564075758e-34 6.078762207107551996e-02
2.953918955793977366e+05 4.377111466115855977e-34 6.082576889420424071e-02
3.019412059530984261e+05 4.446895819813260973e-34 6.086379629895692644e-02
3.086357250038582133e+05 4.517853377799577267e-34 6.090169286141251109e-02
3.154786722400970757e+05 4.590004754416231476e-34 6.093944737677494533e-02
3.224733385518816067e+05 4.660455171761251701e-34 6.097807261456406752e-02
3.296230877935701283e+05 4.731687158792617665e-34 6.101671902809980425e-02
3.369313584015477099e+05 4.804067651471806901e-34 6.105525615265422479e-02
3.444016650478286901e+05 4.877616012753607424e-34 6.109367439091808322e-02
3.520376003303228063e+05 4.952351944723492150e-34 6.113196431907626238e-02
3.598428365005764063e+05 5.027290658463799655e-34 6.117776641899195372e-02
3.678211272298209951e+05 5.102848635170502375e-34 6.122778466049711571e-02
3.759763094141780166e+05 5.179595344921229661e-34 6.127776139504998582e-02
3.843123050198872224e+05 5.257550182976276442e-34 6.132768696922122342e-02
3.928331229694475187e+05 5.336732870938614295e-34 6.137755189554642415e-02
4.015428610695759999e+05 5.415877354129142435e-34 6.143022978341001333e-02
4.104457079819130013e+05 5.494222150181512836e-34 6.148727057054074324e-02
4.195459452374213724e+05 5.573750560862107624e-34 6.154417730512292545e-02
4.288479492954472080e+05 5.654481090758388734e-34 6.160094167331771342e-02
4.383561936484342441e+05 5.736432542234619291e-34 6.165755551210945484e-02
4.480752509733024053e+05 5.819383043116293252e-34 6.171562184301880583e-02
4.580097953305263654e+05 5.902101956429358238e-34 6.178332814032147513e-02
4.681646044119707658e+05 5.986040873084762139e-34 6.185096508879396604e-02
4.785445618385639391e+05 6.071218283988438429e-34 6.191852452927871370e-02
4.891546595089143375e+05 6.157652966658023944e-34 6.198599844679421322e-02
4.999999999999999418e+05 6.245363989751747935e-34 6.205337896885833315e-02
5.110857990210843273e+05 6.330910957895031656e-34 6.213948933499066629e-02
5.224173879220404197e+05 6.417247519472120898e-34 6.222774629716384953e-02
5.340002162572887028e+05 6.504804699208714361e-34 6.231585712142388711e-02
5.458398544065766037e+05 6.593600223793044540e-34 6.240381432596420891e-02
5.579419962538750842e+05 6.683652083129222504e-34 6.249161056084846094e-02
5.703124619256611913e+05 6.773875273773350487e-34 6.258574711577805094e-02
5.829572005899166688e+05 6.864731720180646121e-34 6.268342335200902116e-02
5.958822933171842014e+05 6.956845040941717518e-34 6.278101850234185655e-02
6.090939560050586006e+05 7.050232998571477020e-34 6.287852543452582266e-02
6.225985423675171332e+05 7.144913610911057081e-34 6.297593714113637609e-02
6.364025469905298669e+05 7.239439671267122082e-34 6.306918872608714699e-02
6.505126084554162808e+05 7.332949917574800994e-34 6.315606155510175568e-02
6.649355125314525794e+05 7.427704905878520252e-34 6.324286001333051521e-02
6.796781954392633634e+05 7.523721552467344128e-34 6.332957846546095892e-02
6.947477471865693806e+05 7.621017007347235515e-34 6.341621137172835654e-02
7.101514149778921856e+05 7.719353211831517774e-34 6.350412071868917485e-02
7.258966066998594906e+05 7.817428026932926900e-34 6.360025390863875694e-02
7.419908944837829331e+05 7.916781448579519392e-34 6.369636883762813673e-02
7.584420183472266654e+05 8.017430419783873891e-34 6.379246021977832970e-02
7.752578899163125316e+05 8.119392110834645241e-34 6.388852285869225933e-02
7.924465962305569556e+05 8.222683922376964737e-34 6.398455164622586511e-02
8.100164036320656305e+05 8.324326675650463887e-34 6.408365677980799868e-02
8.279757617409589002e+05 8.426888696484368316e-34 6.418310855455139352e-02
8.463333075189379742e+05 8.530745080154256138e-34 6.428252537518651388e-02
8.650978694229470566e+05 8.635912409816561076e-34 6.438190276942434842e-02
8.842784716509293066e+05 8.742407483493085100e-34 6.448123633904054297e-02
9.038843384817169281e+05 8.848863566556388485e-34 6.458715813002434414e-02
9.239248987111471361e+05 8.955862219732206880e-34 6.469680434027441640e-02
9.444097901865221793e+05 9.064181676603941999e-34 6.480648370427702365e-02
9.653488644416265888e+05 9.173838428084434361e-34 6.491619199023664077e-02
9.867521914344904944e+05 9.284849172565782295e-34 6.502592503698834125e-02
1.008630064390205080e+06 9.394711763208977823e-34 6.514201913251260745e-02
1.030993004751111497e+06 9.501944061751417991e-34 6.526801905875145859e-02
1.053851767236741027e+06 9.610423142319138871e-34 6.539410207050944113e-02
1.077217345015943283e+06 9.720163632243108797e-34 6.552026434052601878e-02
1.101100974993688986e+06 9.831180331379795601e-34 6.564650210376811457e-02
1.125514143215089105e+06 9.943488214153870450e-34 6.577281165654147443e-02
1.150468590389230056e+06 1.005710243162487334e-33 6.589918935561731028e-02
1.175976317535480484e+06 1.017203831357925488e-33 6.602563161736456354e-02
1.202049591754986905e+06 1.028831137064643106e-33 6.615213491689646286e-02
1.228700952130131656e+06 1.040593729644030155e-33 6.627869578722113408e-02
1.255943215754790930e+06 1.052493196972618875e-33 6.640531081840812810e-02
1.283789483898294857e+06 1.064531145661379124e-33 6.653197665676026384e-02
1.312253148306051269e+06 1.076709201277547583e-33 6.665869000399798905e-02
1.341347897639863426e+06 1.089029008569188741e-33 6.678544761645115180e-02
1.371087724061042536e+06 1.101492231692307373e-33 6.691224630426306774e-02
1.401486929959475994e+06 1.114100554440806367e-33 6.703908293060259482e-02
1.432560134831890697e+06 1.126855680479036588e-33 6.716595441088527019e-02
1.464322282312618569e+06 1.139759333577152750e-33 6.729285771200642363e-02
1.496788647360244999e+06 1.152813257849367519e-33 6.741978985158150750e-02
1.529974843603597721e+06 1.166019217994839877e-33 6.754674789719700145e-02
1.563896830850606784e+06 1.179378999541628668e-33 6.767372896567011575e-02
1.598570922763647977e+06 1.192471746369792721e-33 6.780715182854944734e-02
1.634013794705065899e+06 1.205049098358549075e-33 6.795064676204548570e-02
1.670242491756625473e+06 1.217761156272943867e-33 6.809428384745372376e-02
1.707274436916803708e+06 1.230609372175799874e-33 6.823806051259657945e-02
1.745127439479792956e+06 1.243595213832602067e-33 6.838197422547102888e-02
1.783819703600298148e+06 1.256720164881606889e-33 6.852602249368365539e-02
1.823369837048224639e+06 1.269985725005882780e-33 6.867020286389009798e-02
1.863796860157472547e+06 1.283393410107110010e-33 6.881451292124247943e-02
1.905120214973140275e+06 1.296944752481370089e-33 6.895895028884503619e-02
1.947359774601534940e+06 1.310641300996770432e-33 6.910351262721388388e-02
1.990535852767488454e+06 1.324484621273024050e-33 6.924819763374516490e-02
2.034669213583574863e+06 1.338476295862980301e-33 6.939300304218928850e-02
2.079781081535925390e+06 1.352617924436115279e-33 6.953792662213188758e-02
2.125893151691447012e+06 1.366911123964023394e-33 6.968296617848117325e-02
2.173027600131349172e+06 1.381357528907916312e-33 6.982811955096179801e-02
2.221207094616000075e+06 1.395958791408155749e-33 6.997338461361553297e-02
2.270454805486239493e+06 1.410716581475847000e-33 7.011875927430769040e-02
2.320794416806390509e+06 1.425632587186509437e-33 7.026424147424045752e-02
2.372250137754331343e+06 1.440708514875851007e-33 7.040982918747219765e-02
2.424846714264099952e+06 1.455946089337662979e-33 7.055552042044313521e-02
2.478609440926637035e+06 1.471347054023868306e-33 7.070131321150706361e-02
2.533564173154387157e+06 1.486496408975391042e-33 7.085335207363312182e-02
2.589737339615605772e+06 1.501150766428236529e-33 7.101511921888652157e-02
2.647155954944358673e+06 1.515951874297700907e-33 7.117711311457437795e-02
2.705847632732318249e+06 1.530901213005765228e-33 7.133933184115469339e-02
2.765840598808613140e+06 1.546000277975397503e-33 7.150177350578115765e-02
2.827163704814109020e+06 1.561250579783105728e-33 7.166443624194600293e-02
2.889846442076662090e+06 1.576653644312993820e-33 7.182731820912863219e-02
2.953918955793977249e+06 1.592211012912443785e-33 7.199041759244684258e-02
3.019412059530984145e+06 1.607924242549296355e-33 7.215373260231514041e-02
3.086357250038582366e+06 1.623794905970723539e-33 7.231726147410413863e-02
3.154786722400970757e+06 1.639824591863663617e-33 7.248100246780601885e-02
3.224733385518816300e+06 1.656014905016952667e-33 7.264495386770214447e-02
3.296230877935701516e+06 1.672367466485019219e-33 7.280911398203751550e-02
3.369313584015476983e+06 1.688883913753332241e-33 7.297348114269670838e-02
3.444016650478287134e+06 1.705565900905497423e-33 7.313805370488490887e-02
3.520376003303227946e+06 1.722415098792056856e-33 7.330283004681295567e-02
3.598428365005763713e+06 1.739433195201044773e-33 7.346780856938472937e-02
3.678211272298210301e+06 1.756621895030238812e-33 7.363298769589232684e-02
3.759763094141780399e+06 1.773982920461169743e-33 7.379836587170995887e-02
3.843123050198872574e+06 1.791518011134939264e-33 7.396394156399566100e-02
3.928331229694475420e+06 1.809228924329846556e-33 7.412971326139393413e-02
4.015428610695759766e+06 1.826656953224261003e-33 7.430439961723778186e-02
4.104457079819130246e+06 1.843534280520853174e-33 7.449288777654039517e-02
4.195459452374213375e+06 1.860570386982423770e-33 7.468167537954543966e-02
4.288479492954472080e+06 1.877766781744068613e-33 7.487076074527936054e-02
4.383561936484342441e+06 1.895124988391000421e-33 7.506014221190530911e-02
4.480752509733024053e+06 1.912646545097824736e-33 7.524981813648699835e-02
4.580097953305264004e+06 1.930333004768997515e-33 7.543978689475254462e-02
4.681646044119708240e+06 1.948185935180887922e-33 7.563004688086283345e-02
4.785445618385639973e+06 1.966206919124966668e-33 7.582059650718324384e-02
4.891546595089144073e+06 1.984397554552551663e-33 7.601143420405583051e-02
5.000000000000009313e+06 2.002759454720956328e-33 7.620255841957689069e-02
5.110857990210853517e+06 2.021294248340897914e-33 7.639396761937347624e-02
5.224173879220414907e+06 2.040003579725503491e-33 7.658566028638584544e-02
5.340002162572887726e+06 2.058889108940705268e-33 7.677763492065113604e-02
5.458398544065765105e+06 2.077952511957023179e-33 7.696989003908878690e-02
5.579419962538750842e+06 2.097195480802981061e-33 7.716242417529094177e-02
5.703124619256611913e+06 2.116619723719789345e-33 7.735523587931170120e-02
5.829572005899166688e+06 2.136226965317703071e-33 7.754832371746230024e-02
5.958822933171842247e+06 2.156018946733883842e-33 7.774168627210577276e-02
6.090939560050585307e+06 2.175997425791672994e-33 7.793532214145806880e-02
6.225985423675171100e+06 2.196164177161490832e-33 7.812922993938639649e-02
6.364025469905299135e+06 2.216128978792155437e-33 7.832381254621340050e-02
6.505126084554163739e+06 2.235665264991754395e-33 7.851933071035092915e-02
6.649355125314525329e+06 2.255377845161127171e-33 7.871517263850889845e-02
6.796781954392633401e+06 2.275268334762974041e-33 7.891133681430513580e-02
6.947477471865693107e+06 2.295338364240054448e-33 7.910782173378637372e-02
7.101514149778922088e+06 2.315589579155431114e-33 7.930462590529481492e-02
7.258966066998594441e+06 2.336023640334130505e-33 7.950174784933154715e-02
7.419908944837830029e+06 2.356642224006055089e-33 7.969918609842314983e-02
7.584420183472266421e+06 2.377447021950346842e-33 7.989693919699018820e-02
7.752578899163126014e+06 2.398439741640966968e-33 8.009500570121508289e-02
7.924465962305570021e+06 2.419622106393772711e-33 8.029338417891342117e-02
8.100164036320656538e+06 2.440995855514998885e-33 8.049207320940467147e-02
8.279757617409589700e+06 2.462562744451012409e-33 8.069107138338763030e-02
8.463333075189379975e+06 2.484324544939576594e-33 8.089037730281214977e-02
8.650978694229470566e+06 2.506283045162545122e-33 8.108998958075651353e-02
8.842784716509310529e+06 2.528440049899965873e-33 8.128990684130367461e-02
9.038843384817188606e+06 2.550797380685698611e-33 8.149012771942079625e-02
9.239248987111471593e+06 2.573356875964379231e-33 8.169065086083772409e-02
9.444097901865221560e+06 2.596120391250044277e-33 8.189147492192754008e-02
9.653488644416267052e+06 2.619089799286075683e-33 8.209259856959053026e-02
9.867521914344904944e+06 2.642266990206767139e-33 8.229402048113583501e-02
1.008630064390205219e+07 2.665190189982628318e-33 8.250087295530260378e-02
1.030993004751111567e+07 2.687591771739921110e-33 8.271603431735298495e-02
1.053851767236740887e+07 2.710187168897284757e-33 8.293155579302033398e-02
1.077217345015943237e+07 2.732978092585042088e-33 8.314743584116476849e-02
1.101100974993688986e+07 2.755966269279732404e-33 8.336367293007931889e-02
1.125514143215089105e+07 2.779153440943553330e-33 8.358026553739668352e-02
1.150468590389229916e+07 2.802541365164908046e-33 8.379721215000292267e-02
1.175976317535480484e+07 2.826131815300492021e-33 8.401451126394773872e-02
1.202049591754986905e+07 2.849926580618446805e-33 8.423216138435950240e-02
1.228700952130131610e+07 2.873927466442916488e-33 8.445016102535692071e-02
1.255943215754790977e+07 2.898136294300071484e-33 8.466850870996413259e-02
1.283789483898294903e+07 2.922554902065189445e-33 8.488720297002756709e-02
1.312253148306051269e+07 2.947185144111357116e-33 8.510624234612869377e-02
1.341347897639863566e+07 2.972028891459323741e-33 8.532562538750487757e-02
1.371087724061042629e+07 2.997088031928950090e-33 8.554535065196364196e-02
1.401486929959475994e+07 3.022364470291740615e-33 8.576541670580299648e-02
1.432560134831890650e+07 3.047860128425181976e-33 8.598582212372961331e-02
1.464322282312618382e+07 3.073576945468104474e-33 8.620656548878055658e-02
1.496788647360244952e+07 3.099516877977707541e-33 8.642764539224054299e-02
1.529974843603597768e+07 3.125681900087985148e-33 8.664906043356797316e-02
1.563896830850609951e+07 3.152074003669585020e-33 8.687080922031337193e-02
1.598570922763651237e+07 3.178218732798686661e-33 8.709383798534385546e-02
1.634013794705065712e+07 3.203841865548068064e-33 8.731868895633400351e-02
1.670242491756625287e+07 3.229678940438263644e-33 8.754389908759308003e-02
1.707274436916803569e+07 3.255731789061296036e-33 8.776946683028909180e-02
1.745127439479792863e+07 3.282002258988897646e-33 8.799539064250810894e-02
1.783819703600298241e+07 3.308492213913961064e-33 8.822166898920280609e-02
1.823369837048224732e+07 3.335203533793208757e-33 8.844830034214218317e-02
1.863796860157472640e+07 3.362138114991269549e-33 8.867528317986118902e-02
1.905120214973140135e+07 3.389297870425723953e-33 8.890261598761138584e-02
1.947359774601534754e+07 3.416684729713964769e-33 8.913029725731075326e-02
1.990535852767488360e+07 3.444300639320852753e-33 8.935832548749494952e-02
2.034669213583574817e+07 3.472147562708015112e-33 8.958669918326873927e-02
2.079781081535925344e+07 3.500227480484359192e-33 8.981541685625783755e-02
2.125893151691446826e+07 3.528542390557966256e-33 9.004447702456076785e-02
2.173027600131348893e+07 3.557094308289330444e-33 9.027387821270152490e-02
2.221207094615999982e+07 3.585885266646000412e-33 9.050361895158208492e-02
2.270454805486239493e+07 3.614917316358508677e-33 9.073369777843716399e-02
2.320794416806390882e+07 3.644192526077876065e-33 9.096411323678565974e-02
2.372250137754331529e+07 3.673712982534349124e-33 9.119486387638622849e-02
2.424846714264100045e+07 3.703480790697651746e-33 9.142594825319133589e-02
2.478609440926637128e+07 3.733498073938649028e-33 9.165736492930211254e-02
2.533564173154387251e+07 3.763394271940289899e-33 9.189867550536875984e-02
2.589737339615606144e+07 3.792956481786695824e-33 9.215520833514224963e-02
2.647155954944358766e+07 3.822761124415312022e-33 9.241214196890501498e-02
2.705847632732323930e+07 3.852810249404519035e-33 9.266947444331050110e-02
2.765840598808619007e+07 3.883105924043121628e-33 9.292720380226725252e-02
2.827163704814114794e+07 3.913650233485845707e-33 9.318532809689812624e-02
2.889846442076662183e+07 3.944445280910051109e-33 9.344384538550272457e-02
2.953918955793977529e+07 3.975493187674015382e-33 9.370275373351770465e-02
3.019412059530984238e+07 4.006796093476445063e-33 9.396205121347685207e-02
3.086357250038582087e+07 4.038356156517599688e-33 9.422173590497476270e-02
3.154786722400971130e+07 4.070175553661738411e-33 9.448180589462587542e-02
3.224733385518816486e+07 4.102256480600931656e-33 9.474225927602916708e-02
3.296230877935701609e+07 4.134601152020425286e-33 9.500309414972823996e-02
3.369313584015476704e+07 4.167211801765529226e-33 9.526430862317500359e-02
3.444016650478287041e+07 4.200090683009811597e-33 9.552590081069234351e-02
3.520376003303228319e+07 4.233240068425071157e-33 9.578786883343597125e-02
3.598428365005763620e+07 4.266662250352366188e-33 9.605021081935948002e-02
3.678211272298210114e+07 4.300359540974997538e-33 9.631292490317605592e-02
3.759763094141779840e+07 4.334334272492879282e-33 9.657600922632418594e-02
3.843123050198872387e+07 4.368588797298360617e-33 9.683946193693078464e-02
3.928331229694475234e+07 4.403125488153780239e-33 9.710328118977434864e-02
4.015428610695759952e+07 4.437427654576566335e-33 9.736388437440179899e-02
4.104457079819130152e+07 4.471197596871051378e-33 9.761927759531859039e-02
4.195459452374213934e+07 4.505237247571838914e-33 9.787500956225206328e-02
4.288479492954472452e+07 4.539548833834898430e-33 9.813107837594314820e-02
4.383561936484342813e+07 4.574134601633633006e-33 9.838748214317258323e-02
4.480752509733024240e+07 4.608996815920409745e-33 9.864421897674506556e-02
4.580097953305263817e+07 4.644137760789210298e-33 9.890128699547164060e-02
4.681646044119708240e+07 4.679559739640180797e-33 9.915868432415039790e-02
4.785445618385649472e+07 4.715265075345126710e-33 9.941640909354908240e-02
4.891546595089153945e+07 4.751256110414726472e-33 9.967445944038977323e-02
5.000000000000009686e+07 4.787535207167118369e-33 9.993283350732752590e-02
5.110857990210853517e+07 4.824104747897912660e-33 1.001915294429369940e-01
5.224173879220414907e+07 4.860967135051801375e-33 1.004505454016920013e-01
5.340002162572887540e+07 4.898124791395453779e-33 1.007098795439489991e-01
5.458398544065765291e+07 4.935580160192088189e-33 1.009695300359321757e-01
5.579419962538751215e+07 4.973335705377496407e-33 1.012294950497124313e-01
5.703124619256612659e+07 5.011393911737577568e-33 1.014897727631946522e-01
5.829572005899166316e+07 5.049757285087419699e-33 1.017503613600972828e-01
5.958822933171842247e+07 5.088428352452043958e-33 1.020112590299373651e-01
6.090939560050585866e+07 5.127409662248382538e-33 1.022724639680143571e-01
6.225985423675171286e+07 5.166703784469368774e-33 1.025339743753920646e-01
6.364025469905298948e+07 5.205808291169880397e-33 1.027953738129836481e-01
6.505126084554163367e+07 5.244434450031375734e-33 1.030564310369732756e-01
6.649355125314525515e+07 5.283363025374933437e-33 1.033177874722050610e-01
6.796781954392634332e+07 5.322596471566699515e-33 1.035794412072062742e-01
6.947477471865692735e+07 5.362137263364881973e-33 1.038413903363860358e-01
7.101514149778921902e+07 5.401987896092163215e-33 1.041036329600273647e-01
7.258966066998594999e+07 5.442150885808720713e-33 1.043661671842809613e-01
7.419908944837829471e+07 5.482628769487381793e-33 1.046289911211586154e-01
7.584420183472266793e+07 5.523424105189984707e-33 1.048921028885245188e-01
7.752578899163125455e+07 5.564539472245280592e-33 1.051555006100916706e-01
7.924465962305569649e+07 5.605977471428350987e-33 1.054191824154131207e-01
8.100164036320656538e+07 5.647740725141615502e-33 1.056831464398740872e-01
8.279757617409606278e+07 5.689831877597320835e-33 1.059473908246890972e-01
8.463333075189396739e+07 5.732253595001495409e-33 1.062119137168895944e-01
8.650978694229488075e+07 5.775008565739658363e-33 1.064767132693220653e-01
8.842784716509310901e+07 5.818099500563981166e-33 1.067417876406389771e-01
9.038843384817188978e+07 5.861529132782189901e-33 1.070071349952909784e-01
9.239248987111471593e+07 5.905300218447692320e-33 1.072727535035218893e-01
9.444097901865221560e+07 5.949415536551954637e-33 1.075386413413623177e-01
9.653488644416266680e+07 5.993877889217938190e-33 1.078047966906194033e-01
9.867521914344903827e+07 6.038690101895387629e-33 1.080712177388741813e-01
