4.015428610695759744e+03 7.550734728262154593e-41 3.537121524977694165e+00
4.104457079819130740e+03 1.472973036771460398e-40 2.780462256844360880e+00
4.195459452374213470e+03 2.887219922821923229e-40 2.064785750857265789e+00
4.288479492954472335e+03 5.590261190825652497e-40 1.431751780239953531e+00
4.383561936484342368e+03 9.632216715792971159e-40 1.103027800419476900e+00
4.480752509733024453e+03 1.467529112412908812e-39 9.331219916631662281e-01
4.580097953305264127e+03 2.230818761989941184e-39 7.714223971727199869e-01
4.681646044119707767e+03 3.216225877590557847e-39 8.349024315968893717e-01
4.785445618385639136e+03 4.671847158102424623e-39 8.823905347675550237e-01
4.891546595089143921e+03 6.464064992440980379e-39 9.574895493970675409e-01
4.999999999999999091e+03 8.873052199581898268e-39 9.475395985125556475e-01
5.110857990210843127e+03 1.218114485762667498e-38 9.368541599710188406e-01
5.224173879220409617e+03 1.672386437342159976e-38 9.265626839215047594e-01
5.340002162572882298e+03 2.231769907119614915e-38 8.378826280108286895e-01
5.458398544065759779e+03 2.937219549148127320e-38 7.434135178498142427e-01
5.579419962538745494e+03 3.871251682598548443e-38 6.376703689868828961e-01
5.703124619256606820e+03 5.022121897678464372e-38 5.583863053995099524e-01
5.829572005899161013e+03 6.423784053108047910e-38 4.873723624131490184e-01
5.958822933171836667e+03 8.114069453603979340e-38 4.170397720991407264e-01
6.090939560050579530e+03 1.008050550605508777e-37 3.711364296900401816e-01
6.225985423675165293e+03 1.247090597216003112e-37 3.317155749538203136e-01
6.364025469905292084e+03 1.535773037606343466e-37 2.927902625615631527e-01
6.505126084554156478e+03 1.843296743409828682e-37 2.695369990697824014e-01
6.649355125314518773e+03 2.201663627719190931e-37 2.512360410701946489e-01
6.796781954392633452e+03 2.630158860119495831e-37 2.328323941186599966e-01
6.947477471865693587e+03 3.108947787082489800e-37 2.181305055309265273e-01
7.101514149778922729e+03 3.619953755323056702e-37 2.056640216218776906e-01
7.258966066998594215e+03 4.215804030822402537e-37 1.931731838994514561e-01
7.419908944837829949e+03 4.875418085666381280e-37 1.837246404073078210e-01
7.584420183472267126e+03 5.612741260858854021e-37 1.763319986715652654e-01
7.752578899163125243e+03 6.409672594476352574e-37 1.687207057053124182e-01
7.924465962305569519e+03 7.278727620120355672e-37 1.626557136286840011e-01
8.100164036320657033e+03 8.231089226216218304e-37 1.579332426125329980e-01
8.279757617409590239e+03 9.308537791325851610e-37 1.532776875014635609e-01
8.463333075189379088e+03 1.043482690348074204e-36 1.489287476561559354e-01
8.650978694229470420e+03 1.163046452688112679e-36 1.451766495038894489e-01
8.842784716509291684e+03 1.296404315637414647e-36 1.414646623370938994e-01
9.038843384817178958e+03 1.441154752978818115e-36 1.384015399543906399e-01
9.239248987111461247e+03 1.592997716039139289e-36 1.359760025532557870e-01
9.444097901865212407e+03 1.758375510746331838e-36 1.334039741885543473e-01
9.653488644416256648e+03 1.937016429612325203e-36 1.311935352250785114e-01
9.867521914344893958e+03 2.126026881220825824e-36 1.296123121873162254e-01
1.008630064390205189e+04 2.329662469768676202e-36 1.278359925329076996e-01
1.030993004751111584e+04 2.542441003949375773e-36 1.259952673858504013e-01
1.053851767236741034e+04 2.764637488908105931e-36 1.248061973432402910e-01
1.077217345015943101e+04 3.006337925786890356e-36 1.236248174735846417e-01
1.101100974993688942e+04 3.266129505147629501e-36 1.225638279191602759e-01
1.125514143215089098e+04 3.535282583303731737e-36 1.217907461357317228e-01
1.150468590389229939e+04 3.813071002747405058e-36 1.204878434359460126e-01
1.175976317535480484e+04 4.110076982230805029e-36 1.192881806203727191e-01
1.202049591754986977e+04 4.415723108001206659e-36 1.185758104741796021e-01
1.228700952130131554e+04 4.744228278754575769e-36 1.178654553395439564e-01
1.255943215754790981e+04 5.095447273012783770e-36 1.172043331995402671e-01
1.283789483898294930e+04 5.438717359535243032e-36 1.164138662085114073e-01
1.312253148306051298e+04 5.803085239161863205e-36 1.155616377565152203e-01
1.341347897639863550e+04 6.191281212139868160e-36 1.147237526432296623e-01
1.371087724061042718e+04 6.586432001816470196e-36 1.141638504300064583e-01
1.401486929959476038e+04 7.007020699837601343e-36 1.136044370289127359e-01
1.432560134831890718e+04 7.441079169656303086e-36 1.127509323095728794e-01
1.464322282312618518e+04 7.873792144035800789e-36 1.120599188937319718e-01
1.496788647360244977e+04 8.331701223905905821e-36 1.113765156322397282e-01
1.529974843603597765e+04 8.816652980257281877e-36 1.106953584090369508e-01
1.563896830850606784e+04 9.308398570348445269e-36 1.102482592628909047e-01
1.598570922763648014e+04 9.817800278819335420e-36 1.096870010672434809e-01
1.634013794705062537e+04 1.034233014426312498e-35 1.089195675446127387e-01
1.670242491756621894e+04 1.087654491298771096e-35 1.083226195321333324e-01
1.707274436916800187e+04 1.143562766458473264e-35 1.077564607845270944e-01
1.745127439479789609e+04 1.202404698683398991e-35 1.071936314976447840e-01
1.783819703600294451e+04 1.262121257802469933e-35 1.067344610767091972e-01
1.823369837048220870e+04 1.322440268533743299e-35 1.060700113426659430e-01
1.863796860157468836e+04 1.385739176215555481e-35 1.054105601342919113e-01
1.905120214973136535e+04 1.449848290138643793e-35 1.048890099194166037e-01
1.947359774601530808e+04 1.516138495747795979e-35 1.044191462631972739e-01
1.990535852767484539e+04 1.585569830527083001e-35 1.039522533403222232e-01
2.034669213583570672e+04 1.654686268348976273e-35 1.033711651167092821e-01
2.079781081535921112e+04 1.725860305781671574e-35 1.028114174684810062e-01
2.125893151691446838e+04 1.800268494573038812e-35 1.022539663445685282e-01
2.173027600131349027e+04 1.876675784852833753e-35 1.017610901943068746e-01
2.221207094615999813e+04 1.955595548156538127e-35 1.013093780519894183e-01
2.270454805486239275e+04 2.036640130329524410e-35 1.007356752719240217e-01
2.320794416806390655e+04 2.118349078501477490e-35 1.001689215257867277e-01
2.372250137754331445e+04 2.201781147925370900e-35 9.966190001318069036e-02
2.424846714264099865e+04 2.288836423541910213e-35 9.914964640271507756e-02
2.478609440926637399e+04 2.378571608939027138e-35 9.866676551236552850e-02
2.533564173154387390e+04 2.470079661288702486e-35 9.816306178684661154e-02
2.589737339615606106e+04 2.564112799858150342e-35 9.757212991542461855e-02
2.647155954944358746e+04 2.660718800245646066e-35 9.700995640692564037e-02
2.705847632732318380e+04 2.759362779207553791e-35 9.648786245954631136e-02
2.765840598808613140e+04 2.862312293084311802e-35 9.594922001942629564e-02
2.827163704814115044e+04 2.968407053514716534e-35 9.539846190633748113e-02
2.889846442076662061e+04 3.074442947212426331e-35 9.478053258116425628e-02
2.953918955793977511e+04 3.185042650462161011e-35 9.414585198420850898e-02
3.019412059530984334e+04 3.298930359423412485e-35 9.352361567125155872e-02
3.086357250038582060e+04 3.413988416625251757e-35 9.295347548090475420e-02
3.154786722400971121e+04 3.534195153058158603e-35 9.235552277484174177e-02
3.224733385518816431e+04 3.656234065002514352e-35 9.169721826378973706e-02
3.296230877935701574e+04 3.783131783504661281e-35 9.101405797638437156e-02
3.369313584015476954e+04 3.915653806410318793e-35 9.030816814540804094e-02
3.444016650478287193e+04 4.049274026411121804e-35 8.964475933541371511e-02
3.520376003303228208e+04 4.187766665194187174e-35 8.896730370789773801e-02
3.598428365005763771e+04 4.329259696425974343e-35 8.825855310120897523e-02
3.678211272298209951e+04 4.475033052189475629e-35 8.752694578011298299e-02
3.759763094141780311e+04 4.627280885047594696e-35 8.677223334056381743e-02
3.843123050198872079e+04 4.784348969389865963e-35 8.601598176078185942e-02
3.928331229694475041e+04 4.943959789326828875e-35 8.528176063099077164e-02
4.015428610695759562e+04 5.108302706865248265e-35 8.452656495978083662e-02
4.104457079819130013e+04 5.275612352328651832e-35 8.376388674983406557e-02
4.195459452374214015e+04 5.450293348749586126e-35 8.298068697265732763e-02
4.288479492954472516e+04 5.632825219088536768e-35 8.217617714206112978e-02
4.383561936484342732e+04 5.818210765292984678e-35 8.139520041631571889e-02
4.480752509733024635e+04 6.009766816846159473e-35 8.060502563588925473e-02
4.580097953305263945e+04 6.202267305398388359e-35 7.983469972809367765e-02
4.681646044119707949e+04 6.403100623593953854e-35 7.904854089050192267e-02
4.785445618385639682e+04 6.612778582856212758e-35 7.824636959549965964e-02
4.891546595089143375e+04 6.829496316658361269e-35 7.743908619868006271e-02
4.999999999999999272e+04 7.051230568505159954e-35 7.663582345811212337e-02
5.110857990210843127e+04 7.273151526587478728e-35 7.586822349383350039e-02
5.224173879220404342e+04 7.503228194018171638e-35 7.509636927870036449e-02
5.340002162572876841e+04 7.743130913144423712e-35 7.431433541241817820e-02
5.458398544065754686e+04 7.993430783315030801e-35 7.352243617778730922e-02
5.579419962538739492e+04 8.248482218366637964e-35 7.274798764010576013e-02
5.703124619256600272e+04 8.505118871347707757e-35 7.200749297420606931e-02
5.829572005899154465e+04 8.767506588424761150e-35 7.128317450403870437e-02
5.958822933171829936e+04 9.040673825228585956e-35 7.055408962295696418e-02
6.090939560050573346e+04 9.325201309577861714e-35 6.982072758137386481e-02
6.225985423675158381e+04 9.619065352974942104e-35 6.909108344412476232e-02
6.364025469905285718e+04 9.914527758575729503e-35 6.839588840189882168e-02
6.505126084554163390e+04 1.021244288846031821e-34 6.773776600549742677e-02
6.649355125314525503e+04 1.052205548078283380e-34 6.707917635780588639e-02
6.796781954392633634e+04 1.084394810533839676e-34 6.642063215869883908e-02
6.947477471865693224e+04 1.117873699738043481e-34 6.576268392911416294e-02
7.101514149778922729e+04 1.151777835645761521e-34 6.512159390177073293e-02
7.258966066998594033e+04 1.185352304841361487e-34 6.453091407406737201e-02
7.419908944837830495e+04 1.220181050733292878e-34 6.394308431242055890e-02
7.584420183472266945e+04 1.256321827978825164e-34 6.335856175593204687e-02
7.752578899163125607e+04 1.293835419936469525e-34 6.277782349353223934e-02
7.924465962305568974e+04 1.332511092716963976e-34 6.220499380860417676e-02
8.100164036320656305e+04 1.370390215714671231e-34 6.168791585807300443e-02
8.279757617409589875e+04 1.409394988884623225e-34 6.118125807701582652e-02
8.463333075189379451e+04 1.449791707269080923e-34 6.067989148445932651e-02
8.650978694229488610e+04 1.491639925961821593e-34 6.018417424919049463e-02
8.842784716509310238e+04 1.535002051735146229e-34 5.969447162026273596e-02
9.038843384817188780e+04 1.577750121157554000e-34 5.925847091276169321e-02
9.239248987111471070e+04 1.621039806504475462e-34 5.884637917340954094e-02
9.444097901865221502e+04 1.665789755029249539e-34 5.844015961858064351e-02
9.653488644416266470e+04 1.712057812932164722e-34 5.804004302600644649e-02
9.867521914344903780e+04 1.759904359727193817e-34 5.764626111971086347e-02
1.008630064390205080e+05 1.808015295151503754e-34 5.726852112604577383e-02
1.030993004751111584e+05 1.855520779022317396e-34 5.691167806352150776e-02
1.053851767236740998e+05 1.904537890527914042e-34 5.656094322804681995e-02
1.077217345015943138e+05 1.955122246588169982e-34 5.621648470344838694e-02
1.101100974993688869e+05 2.007331704320209106e-34 5.587846870690546530e-02
1.125514143215089134e+05 2.060856987488744280e-34 5.555127238219192964e-02
1.150468590389229939e+05 2.113776624355271007e-34 5.525600650112125201e-02
1.175976317535480484e+05 2.168294549132535461e-34 5.496701042429931461e-02
1.202049591754987050e+05 2.224465274008792779e-34 5.468435285939182017e-02
1.228700952130131627e+05 2.282345323880368255e-34 5.440809969814063701e-02
1.255943215754790872e+05 2.341993314277054982e-34 5.413831381585648694e-02
1.283789483898295002e+05 2.399427919948442845e-34 5.390310405912748792e-02
1.312253148306051153e+05 2.458004861426889916e-34 5.367673157681288748e-02
1.341347897639863368e+05 2.518251993272832760e-34 5.345576107961711593e-02
1.371087724061042536e+05 2.580222662005365439e-34 5.324022606605870178e-02
1.401486929959476111e+05 2.643972046572398526e-34 5.303015741831032526e-02
1.432560134831890755e+05 2.707578192425205080e-34 5.283654918739448536e-02
1.464322282312618336e+05 2.771804895771651415e-34 5.265420104341126534e-02
1.496788647360244941e+05 2.837771247181621845e-34 5.247689767938368277e-02
1.529974843603597838e+05 2.905529084117353744e-34 5.230462151395725429e-02
1.563896830850606784e+05 2.975131889952239188e-34 5.213735323668596683e-02
1.598570922763647977e+05 3.044848577617763281e-34 5.198727068365890935e-02
1.634013794705062464e+05 3.113575026415090709e-34 5.186027282998630084e-02
1.670242491756622039e+05 3.184055974731961820e-34 5.173705690703388899e-02
1.707274436916800041e+05 3.256340388335357002e-34 5.161760005091221154e-02
1.745127439479789464e+05 3.330478683405246853e-34 5.150187845963309641e-02
1.783819703600294597e+05 3.406047701916333537e-34 5.139143397784320250e-02
1.823369837048220797e+05 3.480590093268537393e-34 5.129398551401356809e-02
1.863796860157468764e+05 3.556945023076957739e-34 5.119989118313910542e-02
1.905120214973136317e+05 3.635159983822464205e-34 5.110910848123217942e-02
1.947359774601530808e+05 3.715283778158229156e-34 5.102159468191105191e-02
1.990535852767488395e+05 3.797366556324808927e-34 5.093730686075878533e-02
2.034669213583574747e+05 3.876627965008022597e-34 5.085181154373319412e-02
2.079781081535925332e+05 3.957123534086599196e-34 5.076871550306253505e-02
2.125893151691446838e+05 4.039470009420030561e-34 5.068850605471965365e-02
2.173027600131348881e+05 4.123713104700727099e-34 5.061114951508054183e-02
2.221207094615999958e+05 4.209899719039985856e-34 5.053661199079304001e-02
2.270454805486239493e+05 4.295884551374517561e-34 5.047196543081217818e-02
2.320794416806390800e+05 4.382535597945834652e-34 5.041364400006795310e-02
2.372250137754331517e+05 4.471087829314385838e-34 5.035756459340861441e-02
2.424846714264100010e+05 4.561585516494084872e-34 5.030369421252350176e-02
2.478609440926637326e+05 4.654074005774770528e-34 5.025199997978757604e-02
2.533564173154387390e+05 4.746479449716786290e-34 5.020849938377570237e-02
2.589737339615605888e+05 4.837515943604456673e-34 5.017624171536430588e-02
2.647155954944363912e+05 4.930445986202902238e-34 5.014569145668281575e-02
2.705847632732323837e+05 5.025311252278399666e-34 5.011681759553181237e-02
2.765840598808618961e+05 5.122154371051790975e-34 5.008958942662262298e-02
2.827163704814115190e+05 5.220488940574712114e-34 5.006481614532028168e-02
2.889846442076662206e+05 5.317585394486299830e-34 5.004660954077468776e-02
2.953918955793977366e+05 5.416616009281572023e-34 5.002979008916231402e-02
3.019412059530984261e+05 5.517621160716076267e-34 5.001432770937351557e-02
3.086357250038582133e+05 5.620642096261435373e-34 5.000019274106054512e-02
3.154786722400970757e+05 5.725720954397591432e-34 4.998735594677301136e-02
3.224733385518816067e+05 5.828118627427106870e-34 4.997790363783644746e-02
3.296230877935701283e+05 5.931878161789345437e-34 4.996983497511268968e-02
3.369313584015477099e+05 6.037606439110312239e-34 4.996286172758052091e-02
3.444016650478286901e+05 6.145342466578227305e-34 4.995695933768808800e-02
3.520376003303228063e+05 6.255126048764526999e-34 4.995210361621522932e-02
3.598428365005764063e+05 6.364474601414855809e-34 4.995103147269338434e-02
3.678211272298209951e+05 6.474410986520378773e-34 4.995242284337273603e-02
3.759763094141780166e+05 6.586351364219656268e-34 4.995469822294505008e-02
3.843123050198872224e+05 6.700333582437218176e-34 4.995783524493598721e-02
3.928331229694475187e+05 6.816396222597255016e-34 4.996181192124461018e-02
4.015428610695759999e+05 6.932317286442472168e-34 4.996825196392033763e-02
4.104457079819130013e+05 7.046743774333541456e-34 4.997795402718337165e-02
4.195459452374213724e+05 7.163157944915714544e-34 4.998830750585874644e-02
4.288479492954472080e+05 7.281595506078204138e-34 4.999929451367496336e-02
4.383561936484342441e+05 7.402092823117893048e-34 5.001089748561174386e-02
4.480752509733024053e+05 7.524119692399895059e-34 5.002357141799436413e-02
4.580097953305263654e+05 7.644762819928805645e-34 5.003966425324782308e-02
4.681646044119707658e+05 7.767425794875297589e-34 5.005628613076567451e-02
4.785445618385639391e+05 7.892143367047743669e-34 5.007342110876797370e-02
4.891546595089143375e+05 8.018950896026839857e-34 5.009105354280624089e-02
4.999999999999999418e+05 8.147884362033743167e-34 5.010916808280337087e-02
5.110857990210843273e+05 8.273550003231613322e-34 5.012543981580866448e-02
5.224173879220404197e+05 8.400566776229960828e-34 5.014186264339152987e-02
5.340002162572887028e+05 8.529615215109225659e-34 5.015870292327404001e-02
5.458398544065766037e+05 8.660728669303038290e-34 5.017594834257010916e-02
5.579419962538750842e+05 8.793941046089624904e-34 5.019358681432743718e-02
5.703124619256611913e+05 8.926634303059121828e-34 5.021334744668463218e-02
5.829572005899166688e+05 9.059900511817663111e-34 5.023443889182251793e-02
5.958822933171842014e+05 9.195226847238040489e-34 5.025587649783617994e-02
6.090939560050586006e+05 9.332645823973529879e-34 5.027764940028680435e-02
6.225985423675171332e+05 9.472190477500443285e-34 5.029974693594078256e-02
6.364025469905298669e+05 9.611530864047223362e-34 5.032541597339884598e-02
6.505126084554162808e+05 9.749268355585766717e-34 5.035640731110573032e-02
6.649355125314525794e+05 9.889046028871778343e-34 5.038764016698547149e-02
6.796781954392633634e+05 1.003089470174805912e-33 5.041910535607625754e-02
6.947477471865693806e+05 1.017484566411746611e-33 5.045079386547798167e-02
7.101514149778921856e+05 1.032033126438315085e-33 5.048302720185579573e-02
7.258966066998594906e+05 1.046428170841502016e-33 5.051747849608589913e-02
7.419908944837829331e+05 1.061029795538553779e-33 5.055215073033363787e-02
7.584420183472266654e+05 1.075841011804189700e-33 5.058703575123539575e-02
7.752578899163125316e+05 1.090864875277517482e-33 5.062212555541955455e-02
7.924465962305569556e+05 1.106104486621204720e-33 5.065741228751671765e-02
8.100164036320656305e+05 1.121036070928314939e-33 5.069117752486912432e-02
8.279757617409589002e+05 1.136110011008910784e-33 5.072491413993465703e-02
8.463333075189379742e+05 1.151392182728131776e-33 5.075882257471103776e-02
8.650978694229470566e+05 1.166885504059414154e-33 5.079289609746094614e-02
8.842784716509293066e+05 1.182592934259381057e-33 5.082712810024068301e-02
9.038843384817169281e+05 1.198246533093832399e-33 5.086294537553675416e-02
9.239248987111471361e+05 1.213959100846094633e-33 5.089972668363394043e-02
9.444097901865221793e+05 1.229882495797380036e-33 5.093667047426206351e-02
9.653488644416265888e+05 1.246019579106665404e-33 5.097377106481937314e-02
9.867521914344904944e+05 1.262373251039214715e-33 5.101102287300322835e-02
1.008630064390205080e+06 1.278459998408979617e-33 5.104952783546848338e-02
1.030993004751111497e+06 1.293991621280497681e-33 5.108992191858947179e-02
1.053851767236741027e+06 1.309715695425654699e-33 5.113049497870763432e-02
1.077217345015943283e+06 1.325634626040817520e-33 5.117124270249813478e-02
1.101100974993688986e+06 1.341750848520972083e-33 5.121216084568396693e-02
1.125514143215089105e+06 1.358066828840069731e-33 5.125324523214699890e-02
1.150468590389230056e+06 1.374585063936280108e-33 5.129449175304499203e-02
1.175976317535480484e+06 1.391308082101951382e-33 5.133589636593404587e-02
1.202049591754986905e+06 1.408238443378665398e-33 5.137745509389824577e-02
1.228700952130131656e+06 1.425378739957146566e-33 5.141916402468490327e-02
1.255943215754790930e+06 1.442731596582301779e-33 5.146101930984647160e-02
1.283789483898294857e+06 1.460299670963345679e-33 5.150301716388905326e-02
1.312253148306051269e+06 1.478085654189118875e-33 5.154515386342804067e-02
1.341347897639863426e+06 1.496092271148637414e-33 5.158742574634961331e-02
1.371087724061042536e+06 1.514322280956960254e-33 5.162982921098034639e-02
1.401486929959475994e+06 1.532778477386469824e-33 5.167236071526314783e-02
1.432560134831890697e+06 1.551463689303530447e-33 5.171501677594033536e-02
1.464322282312618569e+06 1.570380781110735367e-33 5.175779396774415203e-02
1.496788647360244999e+06 1.589532653194696358e-33 5.180068892259427626e-02
1.529974843603597721e+06 1.608922242379506096e-33 5.184369832880313805e-02
1.563896830850606784e+06 1.628552522385956601e-33 5.188681893028816022e-02
1.598570922763647977e+06 1.647618706987546920e-33 5.193371598834815861e-02
1.634013794705065899e+06 1.665644377219505239e-33 5.198648795423209401e-02
1.670242491756625473e+06 1.683870475354895443e-33 5.203947499309402591e-02
1.707274436916803708e+06 1.702299244183430711e-33 5.209267472022675871e-02
1.745127439479792956e+06 1.720932951667200058e-33 5.214608478509026590e-02
1.783819703600298148e+06 1.739773891223648860e-33 5.219970287089514133e-02
1.823369837048224639e+06 1.758824382011927489e-33 5.225352669418934642e-02
1.863796860157472547e+06 1.778086769222243368e-33 5.230755400444866282e-02
1.905120214973140275e+06 1.797563424368691636e-33 5.236178258367005928e-02
1.947359774601534940e+06 1.817256745585199738e-33 5.241621024596854195e-02
1.990535852767488454e+06 1.837169157924893152e-33 5.247083483717755042e-02
2.034669213583574863e+06 1.857303113662877806e-33 5.252565423445250403e-02
2.079781081535925390e+06 1.877661092602319449e-33 5.258066634587783839e-02
2.125893151691447012e+06 1.898245602384031056e-33 5.263586911007769875e-02
2.173027600131349172e+06 1.919059178799573741e-33 5.269126049582950611e-02
2.221207094616000075e+06 1.940104386107830475e-33 5.274683850168177673e-02
2.270454805486239493e+06 1.961383817355185673e-33 5.280260115557502271e-02
2.320794416806390509e+06 1.982900094699259356e-33 5.285854651446564301e-02
2.372250137754331343e+06 2.004655869736373770e-33 5.291467266395427638e-02
2.424846714264099952e+06 2.026653823832609799e-33 5.297097771791727666e-02
2.478609440926637035e+06 2.048896668458667702e-33 5.302745981814104004e-02
2.533564173154387157e+06 2.070610839865719446e-33 5.308415943842943047e-02
2.589737339615605772e+06 2.091341449356203842e-33 5.314117173965035579e-02
2.647155954944358673e+06 2.112283193983684759e-33 5.319846010830332761e-02
2.705847632732318249e+06 2.133438242392339900e-33 5.325602348889061505e-02
2.765840598808613140e+06 2.154808785626272264e-33 5.331386084080743520e-02
2.827163704814109020e+06 2.176397037361902982e-33 5.337197113815938393e-02
2.889846442076662090e+06 2.198205234142935807e-33 5.343035336958300296e-02
2.953918955793977249e+06 2.220235635617552202e-33 5.348900653806641647e-02
3.019412059530984145e+06 2.242490524778315620e-33 5.354792966077208394e-02
3.086357250038582366e+06 2.264972208204396686e-33 5.360712176886181513e-02
3.154786722400970757e+06 2.287683016306408362e-33 5.366658190732201406e-02
3.224733385518816300e+06 2.310625303573795001e-33 5.372630913479181647e-02
3.296230877935701516e+06 2.333801448824720879e-33 5.378630252339143547e-02
3.369313584015476983e+06 2.357213855458710688e-33 5.384656115855366437e-02
3.444016650478287134e+06 2.380864951711754969e-33 5.390708413885552525e-02
3.520376003303227946e+06 2.404757190914181185e-33 5.396787057585182568e-02
3.598428365005763713e+06 2.428893051751251785e-33 5.402891959391140780e-02
3.678211272298210301e+06 2.453275038526299393e-33 5.409023033005282144e-02
3.759763094141780399e+06 2.477905681426835979e-33 5.415180193378386908e-02
3.843123050198872574e+06 2.502787536793267923e-33 5.421363356694082480e-02
3.928331229694475420e+06 2.527923187390424620e-33 5.427572440353025524e-02
4.015428610695759766e+06 2.552498373602114097e-33 5.434137875811043822e-02
4.104457079819130246e+06 2.576037309628628720e-33 5.441250374702557430e-02
4.195459452374213375e+06 2.599797860196481122e-33 5.448400643359775641e-02
4.288479492954472080e+06 2.623782139314680654e-33 5.455588644342839605e-02
4.383561936484342441e+06 2.647992281372106754e-33 5.462814340638083577e-02
4.480752509733024053e+06 2.672430441335784127e-33 5.470077695650591570e-02
4.580097953305264004e+06 2.697098794951301610e-33 5.477378673196748454e-02
4.681646044119708240e+06 2.721999538945023371e-33 5.484717237496888886e-02
4.785445618385639973e+06 2.747134891228390426e-33 5.492093353168112785e-02
4.891546595089144073e+06 2.772507091104139018e-33 5.499506985217025856e-02
5.000000000000009313e+06 2.798118399474650028e-33 5.506958099032775028e-02
5.110857990210853517e+06 2.823971099052268610e-33 5.514446660379983267e-02
5.224173879220414907e+06 2.850067494571710048e-33 5.521972635391839135e-02
5.340002162572887726e+06 2.876409913004589105e-33 5.529535990563357040e-02
5.458398544065765105e+06 2.903000703776018484e-33 5.537136692744541733e-02
5.579419962538750842e+06 2.929842238983268517e-33 5.544774709133799134e-02
5.703124619256611913e+06 2.956936913616788817e-33 5.552450007271376997e-02
5.829572005899166688e+06 2.984287145783153286e-33 5.560162555032790305e-02
5.958822933171842247e+06 3.011895376930371875e-33 5.567912320622549899e-02
6.090939560050585307e+06 3.039764072075342943e-33 5.575699272567724574e-02
6.225985423675171100e+06 3.067895720033508490e-33 5.583523379711768930e-02
6.364025469905299135e+06 3.095559128449686746e-33 5.591540348709663627e-02
6.505126084554163739e+06 3.122329578850377320e-33 5.599843400597866866e-02
6.649355125314525329e+06 3.149338161681330236e-33 5.608194087854267984e-02
6.796781954392633401e+06 3.176587040815345374e-33 5.616592415304413194e-02
6.947477471865693107e+06 3.204078400154270992e-33 5.625038387400522338e-02
7.101514149778922088e+06 3.231814443817421581e-33 5.633532008219186565e-02
7.258966066998594441e+06 3.259797396331894446e-33 5.642073281459122902e-02
7.419908944837830029e+06 3.288029502824765185e-33 5.650662210438919808e-02
7.584420183472266421e+06 3.316513029216971148e-33 5.659298798095072774e-02
7.752578899163126014e+06 3.345250262419174373e-33 5.667983046979840900e-02
7.924465962305570021e+06 3.374243510529344673e-33 5.676714959259449716e-02
8.100164036320656538e+06 3.403495103032465874e-33 5.685494536712191321e-02
8.279757617409589700e+06 3.433007391001945786e-33 5.694321780726775695e-02
8.463333075189379975e+06 3.462782747303018644e-33 5.703196692300577936e-02
8.650978694229470566e+06 3.492823566798114020e-33 5.712119272038162360e-02
8.842784716509310529e+06 3.523132266554166885e-33 5.721089520149724716e-02
9.038843384817188606e+06 3.553711286051946150e-33 5.730107436449782821e-02
9.239248987111471593e+06 3.584563087397301091e-33 5.739173020355765875e-02
9.444097901865221560e+06 3.615690155534520675e-33 5.748286270886820981e-02
9.653488644416267052e+06 3.647094998461722299e-33 5.757447186662702915e-02
9.867521914344904944e+06 3.678780147448207007e-33 5.766655765902596598e-02
1.008630064390205219e+07 3.709962371615285864e-33 5.775927850587510987e-02
1.030993004751111567e+07 3.740187925766479932e-33 5.785275589994717804e-02
1.053851767236740887e+07 3.770668762133702422e-33 5.794675891466204848e-02
1.077217345015943237e+07 3.801407100768613985e-33 5.804128766510869425e-02
1.101100974993688986e+07 3.832405181525794584e-33 5.813634225789408166e-02
1.125514143215089105e+07 3.863665264243294097e-33 5.823192279115371739e-02
1.150468590389229916e+07 3.895189628924855857e-33 5.832802935456146698e-02
1.175976317535480484e+07 3.926980575923899336e-33 5.842466202934303021e-02
1.202049591754986905e+07 3.959040426129186723e-33 5.852182088828689760e-02
1.228700952130131610e+07 3.991371521152143955e-33 5.861950599575978249e-02
1.255943215754790977e+07 4.023976223516050379e-33 5.871771740772023518e-02
1.283789483898294903e+07 4.056856916846914354e-33 5.881645517173504645e-02
1.312253148306051269e+07 4.090016006066092944e-33 5.891571932699522784e-02
1.341347897639863566e+07 4.123455917584727552e-33 5.901550990433417770e-02
1.371087724061042629e+07 4.157179099500110450e-33 5.911582692624493818e-02
1.401486929959475994e+07 4.191188021793640080e-33 5.921667040690114375e-02
1.432560134831890650e+07 4.225485176530816725e-33 5.931804035217510401e-02
1.464322282312618382e+07 4.260073078062978856e-33 5.941993675966047994e-02
1.496788647360244952e+07 4.294954263231084633e-33 5.952235961869285774e-02
1.529974843603597768e+07 4.330131291571080135e-33 5.962530891037319536e-02
1.563896830850609951e+07 4.365606745521608327e-33 5.972878460759035307e-02
1.598570922763651237e+07 4.400628763108091613e-33 5.983743010446650884e-02
1.634013794705065712e+07 4.434763629908334323e-33 5.995389987137864085e-02
1.670242491756625287e+07 4.469175559932809549e-33 6.007103008492392648e-02
1.707274436916803569e+07 4.503866888651394171e-33 6.018882079183781458e-02
1.745127439479792863e+07 4.538839971859414077e-33 6.030727202415224475e-02
1.783819703600298241e+07 4.574097185859330579e-33 6.042638379926584119e-02
1.823369837048224732e+07 4.609640927643975923e-33 6.054615612001435637e-02
1.863796860157472640e+07 4.645473615081502111e-33 6.066658897474267592e-02
1.905120214973140135e+07 4.681597687101865808e-33 6.078768233737706639e-02
1.947359774601534754e+07 4.718015603885346088e-33 6.090943616750046918e-02
1.990535852767488360e+07 4.754729847052308856e-33 6.103185041042664960e-02
2.034669213583574817e+07 4.791742919855262731e-33 6.115492499727763487e-02
2.079781081535925344e+07 4.829057347372123287e-33 6.127865984506022934e-02
2.125893151691446826e+07 4.866675676701670240e-33 6.140305485674512481e-02
2.173027600131348893e+07 4.904600477160526362e-33 6.152810992134621904e-02
2.221207094615999982e+07 4.942834340482010485e-33 6.165382491400057952e-02
2.270454805486239493e+07 4.981379881016894038e-33 6.178019969605061390e-02
2.320794416806390882e+07 5.020239735935822986e-33 6.190723411512544239e-02
2.372250137754331529e+07 5.059416565433799986e-33 6.203492800522493467e-02
2.424846714264100045e+07 5.098913052936246414e-33 6.216328118680269910e-02
2.478609440926637128e+07 5.138731905307305254e-33 6.229229346685175028e-02
2.533564173154387251e+07 5.178131296684107130e-33 6.241958831396058477e-02
2.589737339615606144e+07 5.216683964592117698e-33 6.254385111335776515e-02
2.647155954944358766e+07 5.255539960754040189e-33 6.266876661024538275e-02
2.705847632732323930e+07 5.294701783774253637e-33 6.279433465103029244e-02
2.765840598808619007e+07 5.334171953618195594e-33 6.292055506667260101e-02
2.827163704814114794e+07 5.373953011800524084e-33 6.304742767276952375e-02
2.889846442076662183e+07 5.414047521574474895e-33 6.317495226963767974e-02
2.953918955793977529e+07 5.454458068123381724e-33 6.330312864239999449e-02
3.019412059530984238e+07 5.495187258753623620e-33 6.343195656106830060e-02
3.086357250038582087e+07 5.536237723089516992e-33 6.356143578063275235e-02
3.154786722400971130e+07 5.577612113269704039e-33 6.369156604114745157e-02
3.224733385518816486e+07 5.619313104145589743e-33 6.382234706782020928e-02
3.296230877935701609e+07 5.661343393481338913e-33 6.395377857110046138e-02
3.369313584015476704e+07 5.703705702155859534e-33 6.408586024677057069e-02
3.444016650478287041e+07 5.746402774366296213e-33 6.421859177603586599e-02
3.520376003303228319e+07 5.789437377833820570e-33 6.435197282561665177e-02
3.598428365005763620e+07 5.832812304010917360e-33 6.448600304784052328e-02
3.678211272298210114e+07 5.876530368290518687e-33 6.462068208073495912e-02
3.759763094141779840e+07 5.920594410217309960e-33 6.475600954812203713e-02
3.843123050198872387e+07 5.965007293700695102e-33 6.489198505971148501e-02
3.928331229694475234e+07 6.009771907229663909e-33 6.502860821119739454e-02
4.015428610695759952e+07 6.054164983946988996e-33 6.517009983731475442e-02
4.104457079819130152e+07 6.097771265016491866e-33 6.531885917366474226e-02
4.195459452374213934e+07 6.141712865823487470e-33 6.546836528430670377e-02
4.288479492954472452e+07 6.185992505974347416e-33 6.561861756948775271e-02
4.383561936484342813e+07 6.230612928056671072e-33 6.576961541087783525e-02
4.480752509733024240e+07 6.275576897839275763e-33 6.592135817172013745e-02
4.580097953305263817e+07 6.320887204473995385e-33 6.607384519697902248e-02
4.681646044119708240e+07 6.366546660699359265e-33 6.622707581349515649e-02
4.785445618385649472e+07 6.412558103046004190e-33 6.638104933013437570e-02
4.891546595089153945e+07 6.458924392043891409e-33 6.653576503794020325e-02
5.000000000000009686e+07 6.505648412431512012e-33 6.669122221028762898e-02
5.110857990210853517e+07 6.552733073366618134e-33 6.684742010303458548e-02
5.224173879220414907e+07 6.600181308639381801e-33 6.700435795467547806e-02
5.340002162572887540e+07 6.647996076886707379e-33 6.716203498649449266e-02
5.458398544065765291e+07 6.696180361809316521e-33 6.732045040272045811e-02
5.579419962538751215e+07 6.744737172389963452e-33 6.747960339067855806e-02
5.703124619256612659e+07 6.793669543114082001e-33 6.763949312094595656e-02
5.829572005899166316e+07 6.842980534192243106e-33 6.780011874750616063e-02
5.958822933171842247e+07 6.892673231784584250e-33 6.796147940790095432e-02
6.090939560050585866e+07 6.942750748227253280e-33 6.812357422338724544e-02
6.225985423675171286e+07 6.993216222260854262e-33 6.828640229909063719e-02
6.364025469905298948e+07 7.043251314244053485e-33 6.845102551976810223e-02
6.505126084554163367e+07 7.092386027826551635e-33 6.861805492362633985e-02
6.649355125314525515e+07 7.141889587903563801e-33 6.878585188694172348e-02
6.796781954392634332e+07 7.191764928805410567e-33 6.895441542677301083e-02
6.947477471865692735e+07 7.242015009222645229e-33 6.912374454261839551e-02
7.101514149778921902e+07 7.292642812414417578e-33 6.929383821658870179e-02
7.258966066998594999e+07 7.343651346418401815e-33 6.946469541358327171e-02
7.419908944837829471e+07 7.395043644262732001e-33 6.963631508146220228e-02
7.584420183472266793e+07 7.446822764179693229e-33 6.980869615121813865e-02
7.752578899163125455e+07 7.498991789821338211e-33 6.998183753715249422e-02
7.924465962305569649e+07 7.551553830476843182e-33 7.015573813704548134e-02
8.100164036320656538e+07 7.604512021292002686e-33 7.033039683233063832e-02
8.279757617409606278e+07 7.657869523490445894e-33 7.050581248826431890e-02
8.463333075189396739e+07 7.711629524596772851e-33 7.068198395410037194e-02
8.650978694229488075e+07 7.765795238661804998e-33 7.085891006326018593e-02
8.842784716509310901e+07 7.820369906489629732e-33 7.103658963350208133e-02
9.038843384817188978e+07 7.875356795866642915e-33 7.121502146709399184e-02
9.239248987111471593e+07 7.930759201792767227e-33 7.139420435098269013e-02
9.444097901865221560e+07 7.986580446714349608e-33 7.157413705696250017e-02
9.653488644416266680e+07 8.042823880759605408e-33 7.175481834184394003e-02
9.867521914344903827e+07 8.099492881975467927e-33 7.193624694762343341e-02
