4.015428610695759744e+03 4.049862415563221409e-42 9.971395352573521720e+00
4.104457079819130740e+03 1.010193497324608203e-41 7.579053707608594870e+00
4.195459452374213470e+03 2.524057984280576541e-41 5.061376571626202470e+00
4.288479492954472335e+03 6.102023443699368131e-41 2.666184589629340351e+00
4.383561936484342368e+03 1.137093615076196972e-40 2.066523681227163678e+00
4.480752509733024453e+03 2.954578286774057972e-40 1.105283655140432364e+00
4.580097953305264127e+03 5.005989194422794034e-40 8.659786743882439408e-01
4.681646044119707767e+03 7.928571316401526646e-40 7.404694648483391983e-01
4.785445618385639136e+03 1.264803978032289136e-39 6.228292673021258441e-01
4.891546595089143921e+03 1.857291030050450516e-39 5.555297506218707104e-01
4.999999999999999091e+03 2.603931270588950898e-39 6.138732069915504574e-01
5.110857990210843127e+03 3.655711131063218926e-39 6.681300565095283917e-01
5.224173879220409617e+03 5.140720648512034343e-39 7.137528537236940140e-01
5.340002162572882298e+03 6.992744430413624896e-39 6.887421798267195916e-01
5.458398544065759779e+03 9.316084206150950679e-39 6.678487022312875609e-01
5.579419962538745494e+03 1.241694226600441528e-38 6.446564417575819661e-01
5.703124619256606820e+03 1.645468860340853486e-38 5.878242156803904495e-01
5.829572005899161013e+03 2.142503291546908561e-38 5.300328544253701812e-01
5.958822933171836667e+03 2.738744660918338929e-38 4.733898018833379573e-01
6.090939560050579530e+03 3.465087160895882825e-38 4.279881890752578744e-01
6.225985423675165293e+03 4.373447225592601186e-38 3.847710018636290030e-01
6.364025469905292084e+03 5.485405891336859979e-38 3.410529402456603520e-01
6.505126084554156478e+03 6.686759966042578269e-38 3.137922221605524697e-01
6.649355125314518773e+03 8.119135260398304871e-38 2.911571741320904128e-01
6.796781954392633452e+03 9.862553314030122770e-38 2.678909287422054919e-01
6.947477471865693587e+03 1.185089909105254983e-37 2.512775051725456010e-01
7.101514149778922729e+03 1.397058137405846078e-37 2.386385254940382727e-01
7.258966066998594215e+03 1.647590527780029036e-37 2.256929741765612840e-01
7.419908944837829949e+03 1.930672303953611586e-37 2.152887614061150812e-01
7.584420183472267126e+03 2.252948772182970294e-37 2.067021318282506459e-01
7.752578899163125243e+03 2.600453531130629418e-37 1.978898290829023132e-01
7.924465962305569519e+03 2.984675610009061849e-37 1.908221227556641808e-01
8.100164036320657033e+03 3.411750019390610527e-37 1.853026911282751599e-01
8.279757617409590239e+03 3.900371522491860769e-37 1.798206723076339331e-01
8.463333075189379088e+03 4.412742184613996402e-37 1.748538719276746534e-01
8.650978694229470420e+03 4.961470583641294917e-37 1.707332235942392307e-01
8.842784716509291684e+03 5.579201632019283442e-37 1.666139107541969311e-01
9.038843384817178958e+03 6.257442665430186919e-37 1.631069903491998985e-01
9.239248987111461247e+03 6.966965946464026101e-37 1.600763464056230156e-01
9.444097901865212407e+03 7.736762824217574787e-37 1.567637719830974330e-01
9.653488644416256648e+03 8.575481455860768738e-37 1.538548021974508184e-01
9.867521914344893958e+03 9.471710837152733140e-37 1.516778737203268446e-01
1.008630064390205189e+04 1.044442850023138326e-36 1.493081557806732185e-01
1.030993004751111584e+04 1.147004659507282959e-36 1.468797029954031497e-01
1.053851767236741034e+04 1.255091871227895392e-36 1.450744287855487702e-01
1.077217345015943101e+04 1.373444384345053080e-36 1.432768899649102812e-01
1.101100974993688942e+04 1.501569647089500581e-36 1.416567360450645963e-01
1.125514143215089098e+04 1.635348410989452845e-36 1.405006430478788204e-01
1.150468590389229939e+04 1.773824584473752807e-36 1.387801570229598158e-01
1.175976317535480484e+04 1.922805207743614613e-36 1.371779546003981942e-01
1.202049591754986977e+04 2.077199018884170190e-36 1.361487610595206177e-01
1.228700952130131554e+04 2.244076636401703686e-36 1.351207018820987649e-01
1.255943215754790981e+04 2.423656634349956023e-36 1.341407396010987907e-01
1.283789483898294930e+04 2.600729910308204765e-36 1.329763292223000437e-01
1.312253148306051298e+04 2.789636345806665002e-36 1.317423720483676397e-01
1.341347897639863550e+04 2.992013207327022973e-36 1.305272707789681408e-01
1.371087724061042718e+04 3.199138524983724486e-36 1.297127492190249531e-01
1.401486929959476038e+04 3.420731579393993260e-36 1.288981848946033903e-01
1.432560134831890718e+04 3.649839412739384545e-36 1.277478502675694350e-01
1.464322282312618518e+04 3.879268129668274409e-36 1.267933218916039717e-01
1.496788647360244977e+04 4.123181953228937985e-36 1.258461916850619755e-01
1.529974843603597765e+04 4.382693767450975348e-36 1.249001863842988669e-01
1.563896830850606784e+04 4.647561494512976571e-36 1.242291974088452627e-01
1.598570922763648014e+04 4.922496170127951257e-36 1.234190784822725151e-01
1.634013794705062537e+04 5.205643713475449042e-36 1.223585583658939879e-01
1.670242491756621894e+04 5.495711862285582269e-36 1.215171560612893498e-01
1.707274436916800187e+04 5.800576121538089981e-36 1.207141721394311695e-01
1.745127439479789609e+04 6.122697967373884517e-36 1.199140235761624873e-01
1.783819703600294451e+04 6.450711146031204482e-36 1.192397552857465126e-01
1.823369837048220870e+04 6.782130640643919448e-36 1.183328356939166021e-01
1.863796860157468836e+04 7.131100499679300471e-36 1.174306049863128032e-01
1.905120214973136535e+04 7.487180402310659272e-36 1.166967677684016685e-01
1.947359774601530808e+04 7.857163372048389195e-36 1.160261317181646989e-01
1.990535852767484539e+04 8.245929679247406872e-36 1.153589079354061658e-01
2.034669213583570672e+04 8.633186392591507446e-36 1.145696854226272710e-01
2.079781081535921112e+04 9.033107336494946856e-36 1.138113973731989387e-01
2.125893151691446838e+04 9.452342710463552395e-36 1.130575686259151086e-01
2.173027600131349027e+04 9.881537929934949414e-36 1.124007853687455372e-01
2.221207094615999813e+04 1.032409229733326225e-35 1.118066951894754329e-01
2.270454805486239275e+04 1.077860643196922369e-35 1.110723385582286366e-01
2.320794416806390655e+04 1.124055523996721489e-35 1.103333634499483046e-01
2.372250137754331445e+04 1.171604268128428908e-35 1.096558970527030108e-01
2.424846714264099865e+04 1.221302763570932868e-35 1.089785707688377681e-01
2.478609440926637399e+04 1.272381615679034404e-35 1.083682697317927685e-01
2.533564173154387390e+04 1.324222707887840873e-35 1.077594749816680603e-01
2.589737339615606106e+04 1.377466190865673966e-35 1.070410307136296507e-01
2.647155954944358746e+04 1.432320204853568209e-35 1.063577783894125439e-01
2.705847632732318380e+04 1.488524143911706923e-35 1.057219034947252112e-01
2.765840598808613140e+04 1.547191813545009197e-35 1.050775091799994315e-01
2.827163704814115044e+04 1.607600791359988016e-35 1.044386223510634093e-01
2.889846442076662061e+04 1.668040251122368603e-35 1.037395490250387631e-01
2.953918955793977511e+04 1.731077388349699469e-35 1.030300098437900852e-01
3.019412059530984334e+04 1.796054895380800474e-35 1.023435857212838251e-01
3.086357250038582060e+04 1.861868200870311789e-35 1.017261637707964211e-01
3.154786722400971121e+04 1.930559163734581215e-35 1.010890823835778191e-01
3.224733385518816431e+04 2.000448703221559451e-35 1.003594838349603224e-01
3.296230877935701574e+04 2.073119435002649272e-35 9.960574426934258596e-02
3.369313584015476954e+04 2.148968410486506536e-35 9.883487021411790918e-02
3.444016650478287193e+04 2.225146156067151421e-35 9.814166875662244660e-02
3.520376003303228208e+04 2.303933219152020767e-35 9.744721579688910007e-02
3.598428365005763771e+04 2.384564903158113121e-35 9.670023609011389742e-02
3.678211272298209951e+04 2.467718191943771455e-35 9.591921056976245030e-02
3.759763094141780311e+04 2.554496590452075430e-35 9.511823562377386132e-02
3.843123050198872079e+04 2.643943712489932793e-35 9.432545303135235482e-02
3.928331229694475041e+04 2.734732489335431019e-35 9.357231667549535670e-02
4.015428610695759562e+04 2.828319797089632280e-35 9.278756176448715864e-02
4.104457079819130013e+04 2.923896124637208298e-35 9.197671063462349583e-02
4.195459452374214015e+04 3.023619538591932635e-35 9.114610493723046547e-02
4.288479492954472516e+04 3.127753041650185441e-35 9.029451619638942383e-02
4.383561936484342732e+04 3.232939692112647316e-35 8.948556533272419844e-02
4.480752509733024635e+04 3.341498781859035810e-35 8.866642022869594686e-02
4.580097953305263945e+04 3.451121134942273316e-35 8.784197032554022511e-02
4.681646044119707949e+04 3.565440093256600984e-35 8.699994028873825336e-02
4.785445618385639682e+04 3.684743003993386033e-35 8.613968700072593965e-02
4.891546595089143375e+04 3.807892646851190838e-35 8.528046773096445432e-02
4.999999999999999272e+04 3.933602893784233030e-35 8.443946500472820915e-02
5.110857990210843127e+04 4.060067837998445493e-35 8.361136952605900674e-02
5.224173879220404342e+04 4.191261909635138881e-35 8.277345146072499771e-02
5.340002162572876841e+04 4.328054723058804145e-35 8.192171638045910032e-02
5.458398544065754686e+04 4.470776702332293923e-35 8.105607642414376646e-02
5.579419962538739492e+04 4.616002488400251549e-35 8.021326027027950167e-02
5.703124619256600272e+04 4.762681117773743884e-35 7.939316854214208130e-02
5.829572005899154465e+04 4.913036125974751138e-35 7.858074195833754383e-02
5.958822933171829936e+04 5.069624751054684288e-35 7.775948948630380386e-02
6.090939560050573346e+04 5.232792230531544364e-35 7.692964804031951487e-02
6.225985423675158381e+04 5.401251738128364931e-35 7.610343043488955461e-02
6.364025469905285718e+04 5.570768300364534128e-35 7.531051594356952261e-02
6.505126084554163390e+04 5.742320021773632931e-35 7.454399283632806572e-02
6.649355125314525503e+04 5.920733478536475684e-35 7.377329242296705447e-02
6.796781954392633634e+04 6.106363642039023304e-35 7.299881160183170625e-02
6.947477471865693224e+04 6.299587332019530253e-35 7.222099726538558362e-02
7.101514149778922729e+04 6.495426087922634835e-35 7.146770319851088182e-02
7.258966066998594033e+04 6.690428286233504151e-35 7.076152484679587573e-02
7.419908944837830495e+04 6.892916772553889962e-35 7.005513647171796032e-02
7.584420183472266945e+04 7.103252297350633432e-35 6.934897222752293977e-02
7.752578899163125607e+04 7.321815832561372090e-35 6.864349875397394996e-02
7.924465962305568974e+04 7.547123370429767762e-35 6.794529719646039134e-02
8.100164036320656305e+04 7.768458293627434785e-35 6.730403295107122152e-02
8.279757617409589875e+04 7.996759625253047076e-35 6.667093223972322957e-02
8.463333075189379451e+04 8.233503442971396110e-35 6.604092598016486626e-02
8.650978694229488610e+04 8.479070850696268387e-35 6.541443070765844137e-02
8.842784716509310238e+04 8.733862548585640086e-35 6.479188104712506335e-02
9.038843384817188780e+04 8.985435417712110010e-35 6.421791918604945193e-02
9.239248987111471070e+04 9.240832313393092651e-35 6.366692982486596430e-02
9.444097901865221502e+04 9.505212812412244474e-35 6.312080527842564570e-02
9.653488644416266470e+04 9.778954360907446397e-35 6.257987627098188232e-02
9.867521914344903780e+04 1.006245220569898698e-34 6.204448162071169587e-02
1.008630064390205080e+05 1.034798315931630585e-34 6.153619005258008368e-02
1.030993004751111584e+05 1.063040538679305057e-34 6.106640962933024275e-02
1.053851767236740998e+05 1.092224762960594969e-34 6.060218497424454259e-02
1.077217345015943138e+05 1.122387914413641922e-34 6.014376682118627304e-02
1.101100974993688869e+05 1.153568524582246069e-34 5.969140842342016140e-02
1.125514143215089134e+05 1.185600693701617597e-34 5.925033475810854988e-02
1.150468590389229939e+05 1.217414154240452352e-34 5.884582079279240124e-02
1.175976317535480484e+05 1.250240878111568244e-34 5.844788913682003040e-02
1.202049591754987050e+05 1.284117806340355075e-34 5.805667894140576629e-02
1.228700952130131627e+05 1.319083354133153526e-34 5.767232797793218207e-02
1.255943215754790872e+05 1.355177472982692771e-34 5.729497229514148027e-02
1.283789483898295002e+05 1.390022846069313800e-34 5.695091870896760305e-02
1.312253148306051153e+05 1.425623148920629392e-34 5.661619491038899499e-02
1.341347897639863368e+05 1.462298353118416201e-34 5.628766118806791119e-02
1.371087724061042536e+05 1.500085275648937251e-34 5.596541744897890608e-02
1.401486929959476111e+05 1.539022103074851214e-34 5.564956114570591972e-02
1.432560134831890755e+05 1.578028502857170945e-34 5.535587965285011097e-02
1.464322282312618336e+05 1.617534526115250670e-34 5.507709088992792518e-02
1.496788647360244941e+05 1.658178240852516434e-34 5.480437766858036602e-02
1.529974843603597838e+05 1.699996066651240537e-34 5.453776909143038393e-02
1.563896830850606784e+05 1.743025675930549286e-34 5.427729175915130960e-02
1.598570922763647977e+05 1.786160790232279514e-34 5.403544808972057800e-02
1.634013794705062464e+05 1.828692477604378496e-34 5.381841394172762888e-02
1.670242491756622039e+05 1.872381787324802465e-34 5.360651785687701315e-02
1.707274436916800041e+05 1.917263526244434702e-34 5.339976388212051145e-02
1.745127439479789464e+05 1.963373620428342746e-34 5.319815411947126371e-02
1.783819703600294597e+05 2.010474044168748182e-34 5.300406029877609282e-02
1.823369837048220797e+05 2.057142240826007029e-34 5.282918984209526714e-02
1.863796860157468764e+05 2.105024044788037604e-34 5.265897123139576252e-02
1.905120214973136317e+05 2.154153762440297293e-34 5.249337579127243136e-02
1.947359774601530808e+05 2.204566727949970087e-34 5.233237364786519352e-02
1.990535852767488395e+05 2.256299335274914639e-34 5.217593374469097628e-02
2.034669213583574747e+05 2.306294686540865372e-34 5.203746271065171763e-02
2.079781081535925332e+05 2.357143716910975663e-34 5.190446564824041653e-02
2.125893151691446838e+05 2.409244769706017955e-34 5.177524915484291168e-02
2.173027600131348881e+05 2.462631255437422497e-34 5.164978536000388448e-02
2.221207094615999958e+05 2.517337526858581816e-34 5.152804559764195824e-02
2.270454805486239493e+05 2.571996020626435252e-34 5.141718661421229575e-02
2.320794416806390800e+05 2.627161129103039343e-34 5.131370571729015201e-02
2.372250137754331517e+05 2.683625868973969198e-34 5.121349048771820650e-02
2.424846714264100010e+05 2.741422995263454933e-34 5.111650115953003670e-02
2.478609440926637326e+05 2.800586128852880565e-34 5.102269773552073340e-02
2.533564173154387390e+05 2.859827221191329105e-34 5.093246587203709153e-02
2.589737339615605888e+05 2.918340856703307011e-34 5.084578214950695452e-02
2.647155954944363912e+05 2.978163292866212216e-34 5.076185366104778163e-02
2.705847632732323837e+05 3.039325732541392200e-34 5.068064737800499764e-02
2.765840598808618961e+05 3.101860156765182208e-34 5.060213014418998151e-02
2.827163704814115190e+05 3.165467871172008098e-34 5.052735233732899567e-02
2.889846442076662206e+05 3.228441837475733392e-34 5.046160044099317482e-02
2.953918955793977366e+05 3.292767173523432296e-34 5.039817358517931917e-02
3.019412059530984261e+05 3.358474462807432695e-34 5.033703590535576478e-02
3.086357250038582133e+05 3.425595008012167293e-34 5.027815170332646660e-02
3.154786722400970757e+05 3.494160848403930476e-34 5.022148545967553002e-02
3.224733385518816067e+05 3.561091557404932819e-34 5.017961069345669434e-02
3.296230877935701283e+05 3.629013600512580240e-34 5.014109261498648357e-02
3.369313584015477099e+05 3.698325840580943572e-34 5.010435113304021609e-02
3.444016650478286901e+05 3.769058170684576885e-34 5.006935407715340514e-02
3.520376003303228063e+05 3.841241149999158088e-34 5.003606957435075692e-02
3.598428365005764063e+05 3.913290707536062230e-34 5.000786183898478510e-02
3.678211272298209951e+05 3.985859230775379247e-34 4.998308272651518641e-02
3.759763094141780166e+05 4.059856617143531874e-34 4.995978148613897107e-02
3.843123050198872224e+05 4.135312171423750266e-34 4.993792733312840681e-02
3.928331229694475187e+05 4.212255817557592484e-34 4.991748987066424448e-02
4.015428610695759999e+05 4.289142897677533596e-34 4.990175464920829085e-02
4.104457079819130013e+05 4.365027193723010530e-34 4.989237376539022023e-02
4.195459452374213724e+05 4.442334262374651811e-34 4.988411070733587971e-02
4.288479492954472080e+05 4.521091860157786474e-34 4.987694034226565487e-02
4.383561936484342441e+05 4.601328301027246497e-34 4.987083789587731797e-02
4.480752509733024053e+05 4.682701767327768358e-34 4.986633971600034493e-02
4.580097953305263654e+05 4.763308047987542190e-34 4.986621643507170576e-02
4.681646044119707658e+05 4.845372144647686575e-34 4.986702227266276433e-02
4.785445618385639391e+05 4.928921296959651000e-34 4.986873415049660613e-02
4.891546595089143375e+05 5.013983265828402938e-34 4.987132935571601117e-02
4.999999999999999418e+05 5.100586343573551430e-34 4.987478553991578356e-02
5.110857990210843273e+05 5.185200319298093152e-34 4.987071484510297026e-02
5.224173879220404197e+05 5.270846576919595497e-34 4.986643858311035071e-02
5.340002162572887028e+05 5.357975020232211639e-34 4.986295310725472052e-02
5.458398544065766037e+05 5.446612102669985009e-34 4.986024108708433933e-02
5.579419962538750842e+05 5.536784760572843796e-34 4.985828545370214748e-02
5.703124619256611913e+05 5.626771773307114708e-34 4.985902898156450991e-02
5.829572005899166688e+05 5.717290772066510726e-34 4.986154907972769473e-02
5.958822933171842014e+05 5.809325132613002240e-34 4.986472783778783668e-02
6.090939560050586006e+05 5.902900867694738256e-34 4.986854963619260367e-02
6.225985423675171332e+05 5.998044444755873948e-34 4.987299910680241533e-02
6.364025469905298669e+05 6.093141913600570644e-34 4.988160841542202406e-02
6.505126084554162808e+05 6.187218705549250969e-34 4.989625453003171396e-02
6.649355125314525794e+05 6.282804282365116488e-34 4.991138973604470480e-02
6.796781954392633634e+05 6.379923429696099252e-34 4.992700083816632717e-02
6.947477471865693806e+05 6.478601347495008422e-34 4.994307486256579359e-02
7.101514149778921856e+05 6.578465668364584263e-34 4.995995253332709274e-02
7.258966066998594906e+05 6.677477987514084836e-34 4.997940379195525001e-02
7.419908944837829331e+05 6.778029993819679413e-34 4.999927584637681860e-02
7.584420183472266654e+05 6.880146099523373868e-34 5.001955692451183488e-02
7.752578899163125316e+05 6.983851109244784436e-34 5.004023545454365507e-02
7.924465962305569556e+05 7.089170226356451310e-34 5.006130006290215179e-02
8.100164036320656305e+05 7.192384314649911707e-34 5.008659500924881464e-02
8.279757617409589002e+05 7.296687438953266176e-34 5.011269328234770060e-02
8.463333075189379742e+05 7.402550149939444305e-34 5.013911583777136416e-02
8.650978694229470566e+05 7.509996193923792946e-34 5.016585292716677080e-02
8.842784716509293066e+05 7.619049683412925063e-34 5.019289496811414619e-02
9.038843384817169281e+05 7.727886862345354791e-34 5.022164320106098367e-02
9.239248987111471361e+05 7.837275519113736141e-34 5.025147998293586632e-02
9.444097901865221793e+05 7.948254193459780909e-34 5.028161264093766042e-02
9.653488644416265888e+05 8.060846336685150031e-34 5.031203254155480059e-02
9.867521914344904944e+05 8.175075749350406700e-34 5.034273119683818631e-02
1.008630064390205080e+06 8.287576077361028567e-34 5.037389826935512877e-02
1.030993004751111497e+06 8.396328416015325630e-34 5.040563667875882364e-02
1.053851767236741027e+06 8.506540325234620988e-34 5.043763302818275729e-02
1.077217345015943283e+06 8.618231612119292145e-34 5.046988083617759413e-02
1.101100974993688986e+06 8.731422354340730624e-34 5.050237372324739571e-02
1.125514143215089105e+06 8.846132903855385013e-34 5.053510541068470530e-02
1.150468590389230056e+06 8.962383890669840568e-34 5.056806971940702722e-02
1.175976317535480484e+06 9.080196226657867624e-34 5.060126056879411804e-02
1.202049591754986905e+06 9.199591109429955401e-34 5.063467197552773413e-02
1.228700952130131656e+06 9.320590026256362695e-34 5.066829805243355106e-02
1.255943215754790930e+06 9.443214758044157551e-34 5.070213300732621942e-02
1.283789483898294857e+06 9.567487383369068717e-34 5.073617114185745292e-02
1.312253148306051269e+06 9.693430282562862180e-34 5.077040685036771084e-02
1.341347897639863426e+06 9.821066141857279393e-34 5.080483461874267526e-02
1.371087724061042536e+06 9.950417957584904957e-34 5.083944902327316995e-02
1.401486929959475994e+06 1.008150904043807393e-33 5.087424472952099819e-02
1.432560134831890697e+06 1.021436301978633704e-33 5.090921649118879122e-02
1.464322282312618569e+06 1.034900384805372060e-33 5.094435914899653195e-02
1.496788647360244999e+06 1.048545580515623095e-33 5.097966762956313014e-02
1.529974843603597721e+06 1.062374350300032526e-33 5.101513694429385404e-02
1.563896830850606784e+06 1.076389189004392936e-33 5.105076218827529072e-02
1.598570922763647977e+06 1.090009330549153351e-33 5.108958546920625010e-02
1.634013794705065899e+06 1.102888903405511097e-33 5.113332951887659267e-02
1.670242491756625473e+06 1.115923280078031982e-33 5.117728412961433659e-02
1.707274436916803708e+06 1.129114334641024950e-33 5.122144570521276058e-02
1.745127439479792956e+06 1.142463963935402243e-33 5.126581070162068016e-02
1.783819703600298148e+06 1.155974087845838349e-33 5.131037562633273402e-02
1.823369837048224639e+06 1.169646649581328700e-33 5.135513703778304961e-02
1.863796860157472547e+06 1.183483615959070129e-33 5.140009154474232261e-02
1.905120214973140275e+06 1.197486977691951819e-33 5.144523580571870591e-02
1.947359774601534940e+06 1.211658749679378795e-33 5.149056652836137699e-02
1.990535852767488454e+06 1.226000971301804776e-33 5.153608046886930943e-02
2.034669213583574863e+06 1.240515706718750143e-33 5.158177443140243151e-02
2.079781081535925390e+06 1.255205045170481898e-33 5.162764526749753086e-02
2.125893151691447012e+06 1.270071101283396145e-33 5.167368987548781600e-02
2.173027600131349172e+06 1.285116015379080865e-33 5.171990519992676616e-02
2.221207094616000075e+06 1.300341953787200789e-33 5.176628823101558224e-02
2.270454805486239493e+06 1.315751109162132343e-33 5.181283600403564088e-02
2.320794416806390509e+06 1.331345700803512732e-33 5.185954559878445946e-02
2.372250137754331343e+06 1.347127974980709120e-33 5.190641413901662254e-02
2.424846714264099952e+06 1.363100205261156963e-33 5.195343879188824010e-02
2.478609440926637035e+06 1.379264692842807974e-33 5.200061676740690142e-02
2.533564173154387157e+06 1.395054921591851597e-33 5.204778487935919629e-02
2.589737339615605772e+06 1.410135951679642661e-33 5.209491323582175065e-02
2.647155954944358673e+06 1.425382614910082535e-33 5.214227386974934486e-02
2.705847632732318249e+06 1.440796743483205488e-33 5.218986496826568539e-02
2.765840598808613140e+06 1.456380189946839618e-33 5.223768474352550456e-02
2.827163704814109020e+06 1.472134827423212999e-33 5.228573143242899735e-02
2.889846442076662090e+06 1.488062549838086161e-33 5.233400329633827036e-02
2.953918955793977249e+06 1.504165272152459328e-33 5.238249862079569219e-02
3.019412059530984145e+06 1.520444930596849606e-33 5.243121571524460983e-02
3.086357250038582366e+06 1.536903482908166529e-33 5.248015291275158478e-02
3.154786722400970757e+06 1.553542908569296127e-33 5.252930856973159202e-02
3.224733385518816300e+06 1.570365209051299591e-33 5.257868106567435695e-02
3.296230877935701516e+06 1.587372408058316351e-33 5.262826880287329451e-02
3.369313584015476983e+06 1.604566551775234683e-33 5.267807020615658531e-02
3.444016650478287134e+06 1.621949709118141144e-33 5.272808372262030585e-02
3.520376003303227946e+06 1.639523971987477311e-33 5.277830782136357785e-02
3.598428365005763713e+06 1.657291455524125028e-33 5.282874099322618783e-02
3.678211272298210301e+06 1.675254298368324348e-33 5.287938175052801781e-02
3.759763094141780399e+06 1.693414662921429315e-33 5.293022862681113355e-02
3.843123050198872574e+06 1.711774735610639788e-33 5.298128017658330219e-02
3.928331229694475420e+06 1.730336727156690162e-33 5.303253497506432712e-02
4.015428610695759766e+06 1.748495636615597367e-33 5.308785440792106874e-02
4.104457079819130246e+06 1.765896257044077656e-33 5.314945167831912343e-02
4.195459452374213375e+06 1.783473094881558486e-33 5.321136728154879370e-02
4.288479492954472080e+06 1.801227952419230451e-33 5.327360033057308708e-02
4.383561936484342441e+06 1.819162650513024550e-33 5.333614994948477489e-02
4.480752509733024053e+06 1.837279028776053644e-33 5.339901527337726633e-02
4.580097953305264004e+06 1.855578945772995745e-33 5.346219544821569775e-02
4.681646044119708240e+06 1.874064279216523492e-33 5.352568963070849367e-02
4.785445618385639973e+06 1.892736926165780496e-33 5.358949698818089857e-02
4.891546595089144073e+06 1.911598803226942521e-33 5.365361669844879999e-02
5.000000000000009313e+06 1.930651846755842306e-33 5.371804794969384927e-02
5.110857990210853517e+06 1.949898013062698374e-33 5.378278994033982435e-02
5.224173879220414907e+06 1.969339278619053908e-33 5.384784187892930479e-02
5.340002162572887726e+06 1.988977640266768989e-33 5.391320298400242850e-02
5.458398544065765105e+06 2.008815115429260526e-33 5.397887248397553739e-02
5.579419962538750842e+06 2.028853742324909128e-33 5.404484961702126639e-02
5.703124619256611913e+06 2.049095580182760885e-33 5.411113363095085976e-02
5.829572005899166688e+06 2.069542709460347172e-33 5.417772378309487075e-02
5.958822933171842247e+06 2.090197232063926957e-33 5.424461934018752485e-02
6.090939560050585307e+06 2.111061271570900173e-33 5.431181957825077095e-02
6.225985423675171100e+06 2.132136973454639828e-33 5.437932378247927606e-02
6.364025469905299135e+06 2.152847222297034329e-33 5.444835950509575861e-02
6.505126084554163739e+06 2.172855153838252176e-33 5.451966544199046000e-02
6.649355125314525329e+06 2.193053187204114162e-33 5.459136247749642873e-02
6.796781954392633401e+06 2.213443156507296612e-33 5.466345029494978913e-02
6.947477471865693107e+06 2.234026913782035316e-33 5.473592857989410115e-02
7.101514149778922088e+06 2.254806329161300834e-33 5.480879702002543208e-02
7.258966066998594441e+06 2.275783291055607396e-33 5.488205530513576291e-02
7.419908944837830029e+06 2.296959706333763299e-33 5.495570312706003074e-02
7.584420183472266421e+06 2.318337500505372240e-33 5.502974017962142250e-02
7.752578899163126014e+06 2.339918617905097906e-33 5.510416615857918754e-02
7.924465962305570021e+06 2.361705021878856381e-33 5.517898076157536774e-02
8.100164036320656538e+06 2.383698694971848770e-33 5.525418368808478892e-02
8.279757617409589700e+06 2.405901639118417988e-33 5.532977463936243623e-02
8.463333075189379975e+06 2.428315875833869963e-33 5.540575331839496520e-02
8.650978694229470566e+06 2.450943446408192878e-33 5.548211942985004780e-02
8.842784716509310529e+06 2.473786412101695345e-33 5.555887268002878548e-02
9.038843384817188606e+06 2.496846854342580589e-33 5.563601277681622104e-02
9.239248987111471593e+06 2.520126874926627717e-33 5.571353942963601369e-02
9.444097901865221560e+06 2.543628596218618792e-33 5.579145234940154074e-02
9.653488644416267052e+06 2.567354161356100839e-33 5.586975124847209928e-02
9.867521914344904944e+06 2.591305734454845069e-33 5.594843584060560371e-02
1.008630064390205219e+07 2.614884879278809841e-33 5.602753303309456617e-02
1.030993004751111567e+07 2.637743607824736184e-33 5.610709478457930749e-02
1.053851767236740887e+07 2.660807873202263413e-33 5.618709507670349018e-02
1.077217345015943237e+07 2.684079564349229490e-33 5.626753387275741647e-02
1.101100974993688986e+07 2.707560587893483352e-33 5.634841113267338719e-02
1.125514143215089105e+07 2.731252868321386256e-33 5.642972681300648802e-02
1.150468590389229916e+07 2.755158348147848542e-33 5.651148086691656913e-02
1.175976317535480484e+07 2.779278988088126563e-33 5.659367324415078698e-02
1.202049591754986905e+07 2.803616767231221056e-33 5.667630389102685379e-02
1.228700952130131610e+07 2.828173683214920734e-33 5.675937275041612051e-02
1.255943215754790977e+07 2.852951752402606402e-33 5.684287976172944928e-02
1.283789483898294903e+07 2.877953010061722531e-33 5.692682486090162169e-02
1.312253148306051269e+07 2.903179510544010036e-33 5.701120798037800919e-02
1.341347897639863566e+07 2.928633327467410278e-33 5.709602904910075077e-02
1.371087724061042629e+07 2.954316553899826067e-33 5.718128799249594385e-02
1.401486929959475994e+07 2.980231302544572357e-33 5.726698473246233378e-02
1.432560134831890650e+07 3.006379705927724652e-33 5.735311918735993414e-02
1.464322282312618382e+07 3.032763916587134873e-33 5.743969127199897301e-02
1.496788647360244952e+07 3.059386107263409250e-33 5.752670089762967204e-02
1.529974843603597768e+07 3.086248471092705574e-33 5.761414797193396831e-02
1.563896830850609951e+07 3.113353221801350150e-33 5.770203239901606357e-02
1.598570922763651237e+07 3.140110530333542324e-33 5.779585452290370712e-02
1.634013794705065712e+07 3.166178943722758997e-33 5.789875098996256214e-02
1.670242491756625287e+07 3.192471668151725655e-33 5.800223172109456732e-02
1.707274436916803569e+07 3.218990691254301063e-33 5.810629672820932096e-02
1.745127439479792863e+07 3.245738018727074349e-33 5.821094601285362741e-02
1.783819703600298241e+07 3.272715674497030230e-33 5.831617956625045895e-02
1.823369837048224732e+07 3.299925700890854326e-33 5.842199736933741117e-02
1.863796860157472640e+07 3.327370158805923051e-33 5.852839939280829462e-02
1.905120214973140135e+07 3.355051127882750220e-33 5.863538559715403969e-02
1.947359774601534754e+07 3.382970706679242071e-33 5.874295593270510707e-02
1.990535852767488360e+07 3.411131012846400796e-33 5.885111033967550115e-02
2.034669213583574817e+07 3.439534183305959651e-33 5.895984874820623528e-02
2.079781081535925344e+07 3.468182374429378988e-33 5.906917107841097581e-02
2.125893151691446826e+07 3.497077762218787555e-33 5.917907724042166528e-02
2.173027600131348893e+07 3.526222542489557041e-33 5.928956713443602616e-02
2.221207094615999982e+07 3.555618931054505086e-33 5.940064065076482852e-02
2.270454805486239493e+07 3.585269163910096921e-33 5.951229766988078845e-02
2.320794416806390882e+07 3.615175497424057198e-33 5.962453806246741095e-02
2.372250137754331529e+07 3.645340208525101561e-33 5.973736168946915115e-02
2.424846714264100045e+07 3.675765594894202255e-33 5.985076840214314381e-02
2.478609440926637128e+07 3.706453975157835258e-33 5.996475804210891353e-02
2.533564173154387251e+07 3.736823063479381750e-33 6.007735899716689504e-02
2.589737339615606144e+07 3.766536471219298463e-33 6.018748520038399996e-02
2.647155954944358766e+07 3.796496916270518068e-33 6.029819529119694738e-02
2.705847632732323930e+07 3.826706530173346390e-33 6.040948911726056608e-02
2.765840598808619007e+07 3.857167463439628039e-33 6.052136651385284227e-02
2.827163704814114794e+07 3.887881885725984677e-33 6.063382730393430953e-02
2.889846442076662183e+07 3.918851986008516829e-33 6.074687129820585674e-02
2.953918955793977529e+07 3.950079972759249814e-33 6.086049829516998466e-02
3.019412059530984238e+07 3.981568074124192380e-33 6.097470808119182656e-02
3.086357250038582087e+07 4.013318538103036134e-33 6.108950043056139700e-02
3.154786722400971130e+07 4.045333632730492313e-33 6.120487510555555621e-02
3.224733385518816486e+07 4.077615646259404144e-33 6.132083185650247931e-02
3.296230877935701609e+07 4.110166887345523912e-33 6.143737042184550801e-02
3.369313584015476704e+07 4.142989685234018402e-33 6.155449052820972933e-02
3.444016650478287041e+07 4.176086389947645216e-33 6.167219189046585504e-02
3.520376003303228319e+07 4.209459372476833982e-33 6.179047421179840321e-02
3.598428365005763620e+07 4.243111024971369348e-33 6.190933718377232553e-02
3.678211272298210114e+07 4.277043760933964481e-33 6.202878048640192432e-02
3.759763094141779840e+07 4.311260015415662843e-33 6.214880378821873580e-02
3.843123050198872387e+07 4.345762245212960778e-33 6.226940674634109940e-02
3.928331229694475234e+07 4.380552929066782326e-33 6.239058900654362999e-02
4.015428610695759952e+07 4.415014225439614002e-33 6.251380158714137103e-02
4.104457079819130152e+07 4.448790002821440839e-33 6.263988369510481435e-02
4.195459452374213934e+07 4.482838201458797105e-33 6.276659978733796497e-02
4.288479492954472452e+07 4.517161116880968095e-33 6.289394948906550098e-02
4.383561936484342813e+07 4.551761064654321684e-33 6.302193241108952626e-02
4.480752509733024240e+07 4.586640380561981754e-33 6.315054814988552145e-02
4.580097953305263817e+07 4.621801420785208072e-33 6.327979628769697662e-02
4.681646044119708240e+07 4.657246562086398485e-33 6.340967639263041244e-02
4.785445618385649472e+07 4.692978201993829048e-33 6.354018801875417621e-02
4.891546595089153945e+07 4.728998758987919978e-33 6.367133070619415691e-02
5.000000000000009686e+07 4.765310672689453027e-33 6.380310398123145710e-02
5.110857990210853517e+07 4.801916404049264058e-33 6.393550735640261828e-02
5.224173879220414907e+07 4.838818435539895231e-33 6.406854033059662668e-02
5.340002162572887540e+07 4.876019271348831198e-33 6.420220238915590183e-02
5.458398544065765291e+07 4.913521437573608012e-33 6.433649300397664694e-02
5.579419962538751215e+07 4.951327482418627826e-33 6.447141163360735339e-02
5.703124619256612659e+07 4.989439976393866161e-33 6.460695772335209308e-02
5.829572005899166316e+07 5.027861512515333538e-33 6.474313070537106307e-02
5.958822933171842247e+07 5.066594706507413256e-33 6.487992999878157419e-02
6.090939560050585866e+07 5.105642197006979540e-33 6.501735500976145443e-02
6.225985423675171286e+07 5.145006645769569731e-33 6.515540513165166137e-02
6.364025469905298948e+07 5.184081305850920759e-33 6.529575164259654452e-02
6.505126084554163367e+07 5.222517343747045540e-33 6.543935189757557613e-02
6.649355125314525515e+07 5.261256435326986152e-33 6.558362647445516169e-02
6.796781954392634332e+07 5.300301092247988294e-33 6.572857463336968797e-02
6.947477471865692735e+07 5.339653847797759914e-33 6.587419561892805808e-02
7.101514149778921902e+07 5.379317257086399843e-33 6.602048866034737618e-02
7.258966066998594999e+07 5.419293897239298019e-33 6.616745297158521666e-02
7.419908944837829471e+07 5.459586367592348402e-33 6.631508775147205992e-02
7.584420183472266793e+07 5.500197289888882051e-33 6.646339218384643421e-02
7.752578899163125455e+07 5.541129308477967269e-33 6.661236543768829510e-02
7.924465962305569649e+07 5.582385090514930079e-33 6.676200666725139177e-02
8.100164036320656538e+07 5.623967326163500424e-33 6.691231501219889466e-02
8.279757617409606278e+07 5.665878728799816729e-33 6.706328959773796838e-02
8.463333075189396739e+07 5.708122035218226554e-33 6.721492953475169396e-02
8.650978694229488075e+07 5.750700005839127628e-33 6.736723391993622301e-02
8.842784716509310901e+07 5.793615424918308695e-33 6.752020183593226976e-02
9.038843384817188978e+07 5.836871100758700224e-33 6.767383235146247344e-02
9.239248987111471593e+07 5.880469865923555829e-33 6.782812452146300131e-02
9.444097901865221560e+07 5.924414577451929962e-33 6.798307738721912075e-02
9.653488644416266680e+07 5.968708117075701275e-33 6.813868997649931425e-02
9.867521914344903827e+07 6.013353391439200841e-33 6.829496130368943596e-02
