1.258925411794167504e+00 4.659298655039967605e-59
1.288504859719752815e+00 2.688800789816883013e-58
1.318779300161483592e+00 1.551660501414644103e-57
1.349765062518025971e+00 8.954364788825601924e-57
1.381478859860178821e+00 5.167409281750919892e-56
1.413937797945552965e+00 2.982022657648199286e-55
1.447159384445059649e+00 1.720873777529383504e-54
1.481161538386180920e+00 9.930865382907028303e-54
1.515962599818116541e+00 5.730930910866052966e-53
1.551581339704023677e+00 3.307221258043706458e-52
1.588036970045679563e+00 1.720274751763190874e-51
1.625349154246033434e+00 2.939253526009970851e-51
1.663538017715234130e+00 5.021995051259798388e-51
1.702624158725853487e+00 8.580557638767072067e-51
1.742628659523164592e+00 1.466070130310750036e-50
1.783573097696460996e+00 2.504920679372323955e-50
1.825479557817557330e+00 4.279895947826948383e-50
1.868370643352744942e+00 7.312610524983067551e-50
1.912269488854626331e+00 1.249429269822391789e-49
1.957199772440409768e+00 2.134769101889957128e-49
2.003185728563387613e+00 3.521377362699360677e-49
2.050252161084494151e+00 4.895844902934172662e-49
2.098424456650986869e+00 6.806795990536176467e-49
2.147728598389473831e+00 9.463631421210010910e-49
2.198191179920665039e+00 1.315748551903638463e-48
2.249839419703416610e+00 1.829312844915454805e-48
2.302701175715794690e+00 2.543332067309621478e-48
2.356804960481087452e+00 3.536047987955990219e-48
2.412179956446860896e+00 4.916241781339364857e-48
2.468856031725358946e+00 6.835154198955775467e-48
2.526863756203739264e+00 9.281066834314754958e-48
2.586234418032827165e+00 1.176549450718977260e-47
2.647000040503291629e+00 1.491497297346367942e-47
2.709193399318333917e+00 1.890752816749106317e-47
2.772848040272215986e+00 2.396884138110828904e-47
2.837998297344160203e+00 3.038500601789467574e-47
2.904679311217376103e+00 3.851869917396869117e-47
2.972927048233210634e+00 4.882968215247107034e-47
3.042778319790636399e+00 6.190078871413991268e-47
3.114270802201549948e+00 7.847087006358250906e-47
3.187443057012586678e+00 9.778901094139035121e-47
3.262334551804405791e+00 1.179046624182988307e-46
3.338985681479682555e+00 1.421581963673285314e-46
3.417437790051267577e+00 1.714007943359795759e-46
3.497733192942281910e+00 2.066587298497592379e-46
3.579915199810169479e+00 2.491693856412318157e-46
3.664028137907021865e+00 3.004246797895536145e-46
3.750117375988760937e+00 3.622234248175659008e-46
3.838229348786104111e+00 4.367344572971702402e-46
3.928411582050480355e+00 5.265727535062609747e-46
4.020712718188422130e+00 6.254489973695166102e-46
4.115182542498265761e+00 7.280812956886241189e-46
4.211872010023293811e+00 8.475549171253048748e-46
4.310833273035819424e+00 9.866334182694020462e-46
4.412119709167026116e+00 1.148533838193828433e-45
4.515785950197747312e+00 1.337001112115217128e-45
4.621887911525702108e+00 1.556394695874562236e-45
4.730482822325087433e+00 1.811789404957320908e-45
4.841629256414796245e+00 2.109092800570759575e-45
4.955387163851909804e+00 2.455181838048222088e-45
5.071817903267501038e+00 2.821374622759487925e-45
5.190984274962188394e+00 3.202499762660486681e-45
5.312950554779312107e+00 3.635109158176745536e-45
5.437782528773971613e+00 4.126157555397496904e-45
5.565547528696639823e+00 4.683539181668858975e-45
5.696314468310507806e+00 5.316214655335483551e-45
5.830153880562119362e+00 6.034355039073866575e-45
5.967137955625362089e+00 6.849505352657508382e-45
6.107340579839338091e+00 7.774770173828606008e-45
6.250837375561108189e+00 8.825024311047851775e-45
6.397705741954796466e+00 9.921583191134148315e-45
6.548024896739090828e+00 1.108253197379468850e-44
6.701875918915611408e+00 1.237932622083286672e-44
6.859341792501226998e+00 1.382786154320723664e-44
7.020507451287891776e+00 1.544589353630006645e-44
7.185459824654159000e+00 1.725325542125565273e-44
7.354287884453062141e+00 1.927210115306757727e-44
7.527082693001662328e+00 2.152717697533733074e-44
7.703937452198165836e+00 2.404612475032232389e-44
7.884947553793065111e+00 2.685982078237694621e-44
8.070210630841449628e+00 2.971807830701184315e-44
8.259826610364235933e+00 3.273506534238945208e-44
8.453897767246706607e+00 3.605833768590857333e-44
8.652528779403429127e+00 3.971898950167451756e-44
8.855826784239347660e+00 4.375127164141764641e-44
9.063901436437442172e+00 4.819291211223762178e-44
9.276864967104160087e+00 5.308546907832542406e-44
9.494832244304539870e+00 5.847471969950231151e-44
9.717920835019631554e+00 6.441108844475479632e-44
9.946251068559647024e+00 7.095011888827225075e-44
1.017994610146709000e+01 8.838137304654261321e-44
1.041913198394480844e+01 9.672094518122771369e-44
1.066393772784481975e+01 1.058804264445512768e-43
1.091449537625460309e+01 1.159449602015797286e-43
1.117094007471840023e+01 1.270091422538818797e-43
1.143341014413184809e+01 1.391781511617831037e-43
1.170204715534939233e+01 1.524444077908147533e-43
1.197699600554465427e+01 1.662833433218031243e-43
1.225840499636489689e+01 1.813911949647112122e-43
1.254642591392183704e+01 1.978859349128044785e-43
1.284121411066191776e+01 2.151385361086806277e-43
1.314292858916011930e+01 2.337792543126342303e-43
1.345173208788265562e+01 2.540643744403068757e-43
1.376779116896466348e+01 2.758436215366039193e-43
1.409127630805033071e+01 2.992495918770745300e-43
1.442236198624391719e+01 3.246698580624962041e-43
1.476122678422115797e+01 3.522831851106067614e-43
1.510805347855196246e+01 3.822853553172801343e-43
1.546302914028628450e+01 4.148910406817298645e-43
1.582634523585628372e+01 4.503359344638281949e-43
1.619819773034932453e+01 4.852357423509292020e-43
1.657878719320746441e+01 5.226316328470004320e-43
1.696831890641036011e+01 5.629608323708869083e-43
1.736700297520008718e+01 6.064589726804190439e-43
1.777505444140752999e+01 6.533812437605489983e-43
1.819269339944137798e+01 7.040040921114750994e-43
1.862014511500250791e+01 7.580768251371395487e-43
1.905764014658752004e+01 8.151499030396199581e-43
1.950541446984717808e+01 8.765644258605457186e-43
1.996370960486677149e+01 9.425322381798288497e-43
2.043277274643692465e+01 1.008126468766449089e-42
2.091285689738529996e+01 1.078391696245023289e-42
2.140422100504108371e+01 1.153671873693486868e-42
2.190713010090565405e+01 1.232954475420193938e-42
2.242185544360506455e+01 1.317201669448563661e-42
2.294867466520129895e+01 1.407299946122483895e-42
2.348787192094111020e+01 1.503666008255263252e-42
2.403973804252343882e+01 1.606747402733230942e-42
2.460457069496798255e+01 1.717024936721619900e-42
2.518267453716938675e+01 1.834487601593362567e-42
2.577436138622390516e+01 1.955532466976693857e-42
2.637995038561705030e+01 2.084697244818024552e-42
2.699976817736281376e+01 2.222540657208209846e-42
2.763414907818757271e+01 2.369661373792487932e-42
2.828343525985356166e+01 2.526701028548640102e-42
2.894797693371905822e+01 2.694347481177892309e-42
2.962813253963510718e+01 2.870856579569964702e-42
3.032426893928049694e+01 3.056460556217889863e-42
3.103676161403917888e+01 3.254239121789043352e-42
3.176599486752708401e+01 3.462642331129322507e-42
3.251236203287751181e+01 3.674239516262464760e-42
3.327626568489666425e+01 3.899078640823434940e-42
3.405811785720412388e+01 4.138019588488673655e-42
3.485834026447516720e+01 4.387911934011028238e-42
3.567736452990475726e+01 4.652648197220247609e-42
3.651563241801613913e+01 4.933664489524487028e-42
3.737359607293927155e+01 5.231991285169997904e-42
3.825171826228792327e+01 5.548727051365911626e-42
3.915047262676690565e+01 5.885042989767520007e-42
4.007034393564382668e+01 6.234391093201466630e-42
4.101182834822349577e+01 6.583720893939301077e-42
4.197543368146595810e+01 6.953088804396304453e-42
4.296167968389218572e+01 7.343685294383419159e-42
4.397109831592558038e+01 7.756775128361412206e-42
4.500423403682035683e+01 8.193702302769663321e-42
4.606164409833132822e+01 8.655895335671948573e-42
4.714389884528386432e+01 9.138284114182881778e-42
4.825158202320603351e+01 9.644674211284465984e-42
4.938529109318856314e+01 1.017966176453503165e-41
5.054563755414288551e+01 1.073917976576737668e-41
5.173324727263090494e+01 1.131964880011669104e-41
5.294876082044418553e+01 1.193226793691303802e-41
5.419283382011499128e+01 1.257831647350610273e-41
5.546613729854544772e+01 1.325090012765942399e-41
5.676935804894518611e+01 1.396022231183663723e-41
5.810319900127334591e+01 1.470834976507541025e-41
5.946837960138430645e+01 1.549747004287278489e-41
6.086563619908153555e+01 1.632989891545111658e-41
6.229572244528932856e+01 1.720808824289331282e-41
6.375940969855643203e+01 1.811578167931595961e-41
6.525748744111047017e+01 1.904810522958896860e-41
6.679076370468821722e+01 2.002928940481953095e-41
6.836006550637107182e+01 2.106195685472078436e-41
6.996623929466053937e+01 2.214887529849993358e-41
7.161015140603491602e+01 2.329296583996327697e-41
7.329268853223317137e+01 2.449731177832303984e-41
7.501475819851758331e+01 2.574801828603726089e-41
7.677728925317403252e+01 2.706027359058025666e-41
7.858123236851341176e+01 2.844056956991389894e-41
8.042756055364401391e+01 2.982878698524929194e-41
8.231726967929263594e+01 3.122879908413194073e-41
8.425137901495605774e+01 3.269660071966205745e-41
8.623093177867377790e+01 3.423116256793466992e-41
8.825699569971807534e+01 3.582420470913290959e-41
9.033066359450457128e+01 3.749319505096436783e-41
9.245305395603459431e+01 3.924186649715649337e-41
9.462531155718706088e+01 4.107414221777712120e-41
9.684860806818460333e+01 4.299414574739005323e-41
9.912414268856815625e+01 4.500621164195180910e-41
1.014531427940201382e+02 4.706817289838324326e-41
1.038368645983850058e+02 4.919657358843677740e-41
1.062765938312445257e+02 5.142285366620636230e-41
1.087736464314138232e+02 5.375160793346006064e-41
1.113293692567309563e+02 5.618765215916804186e-41
1.139451408105234407e+02 5.873603399678292095e-41
1.166223719851447527e+02 6.140204445657303761e-41
1.193625068229797108e+02 6.419122996204334454e-41
1.221670232953303810e+02 6.710940502104900997e-41
1.250374340996034732e+02 7.016266554385193040e-41
1.279752874752271907e+02 7.335740284210352111e-41
1.309821680387393315e+02 7.670031834457943931e-41
1.340596976384957486e+02 8.019843906741808293e-41
1.372095362294621452e+02 8.385913387866688607e-41
1.404333827685586016e+02 8.769013059908659411e-41
1.437329761310408855e+02 9.169953398344448947e-41
1.471100960484141638e+02 9.577971035845904709e-41
1.505665640683825472e+02 1.000002924448619755e-40
1.541042445373531109e+02 1.044087283136672835e-40
1.577250456060263559e+02 1.090134735837671738e-40
1.614309202586121614e+02 1.137062018144066086e-40
1.652238673662280632e+02 1.185714487801930184e-40
1.691059327650494311e+02 1.236476700484880474e-40
1.730792103597901246e+02 1.289441566567984132e-40
1.771458432531102574e+02 1.344706159573530582e-40
1.813080249015619643e+02 1.402371906247670412e-40
1.855680002986933346e+02 1.462544785487066583e-40
1.899280671859503116e+02 1.525335536535682318e-40
1.943905772920314234e+02 1.590859876892459811e-40
1.989579376013603564e+02 1.659238730391627221e-40
2.036326116523623568e+02 1.730598465939965930e-40
2.084171208662463641e+02 1.805071147419083968e-40
2.133140459070061752e+02 1.880255724496977993e-40
2.183260280733759657e+02 1.958142885558980741e-40
2.234557707234926056e+02 2.039280608958606833e-40
2.287060407330298801e+02 2.123805639988224115e-40
2.340796699875924105e+02 2.211860525171895192e-40
2.395795569101769331e+02 2.303593860543461185e-40
2.452086680245198522e+02 2.399160550646833275e-40
2.509700395551784879e+02 2.498722078725562729e-40
2.568667790652060603e+02 2.598671573308416766e-40
2.629020671323073657e+02 2.702510137368354728e-40
2.690791590643752897e+02 2.810544033843520589e-40
2.754013866553345906e+02 2.922944871379036511e-40
2.818721599822433177e+02 3.039891373424223427e-40
2.884949692446164136e+02 3.161569677458777166e-40
2.952733866469649229e+02 3.288173646990523346e-40
3.022110683255701815e+02 3.419905196878283211e-40
3.093117563205262286e+02 3.552793369055407777e-40
3.165792805941168240e+02 3.690738834244833505e-40
3.240175610966188060e+02 3.834071282674499917e-40
3.316306098806398950e+02 3.983002371847310644e-40
3.394225332651352005e+02 4.137752128844243020e-40
3.473975340502711902e+02 4.298549283493118073e-40
3.555599137843273638e+02 4.465631614890776021e-40
3.639140750838599274e+02 4.639246311817846829e-40
3.724645240083831936e+02 4.819650347606854022e-40
3.812158724908424006e+02 5.007110870047168937e-40
3.901728408251926794e+02 5.201905606934466441e-40
3.993402602124289729e+02 5.403645602831003004e-40
4.087230753664334202e+02 5.608683337005134017e-40
4.183263471810490159e+02 5.821563699420986801e-40
4.281552554598224560e+02 6.042589296820853555e-40
4.382151017098801162e+02 6.271544847508343608e-40
4.485113120014486867e+02 6.503354855258784302e-40
4.590494398945662056e+02 6.743765024203446623e-40
4.698351694345549276e+02 6.993095662959099137e-40
4.808743182178745315e+02 7.251679058074838279e-40
4.921728405300147529e+02 7.519859923812980282e-40
5.037368305571106930e+02 7.797995868891453517e-40
5.155725256730174806e+02 8.086457880830022655e-40
5.276863098036222937e+02 8.385630828567889793e-40
5.400847168701983492e+02 8.695913984044224343e-40
5.527744343136637326e+02 9.017721563460610705e-40
5.657623067016498908e+02 9.351483288970987681e-40
5.790553394203167272e+02 9.697644971574003580e-40
5.926607024529088221e+02 1.005666911601019880e-39
6.065857342470978892e+02 1.042903554850059421e-39
6.208379456731859136e+02 1.081524206819095369e-39
6.354250240753094658e+02 1.121187664850006084e-39
6.503548374178350286e+02 1.161065545480226344e-39
6.656354385291732569e+02 1.202365359494346379e-39
6.812750694453030746e+02 1.245137939835656181e-39
6.972821658553573343e+02 1.289435941464188721e-39
7.136653616516549619e+02 1.335313906838383240e-39
7.304334935866390879e+02 1.382828333756352957e-39
7.475956060392404652e+02 1.432037745642280774e-39
7.651609558932238997e+02 1.483002764365973247e-39
7.831390175301550016e+02 1.535786185687574238e-39
8.015394879396873193e+02 1.590453057421766407e-39
8.203722919499135742e+02 1.647070760420382874e-39
8.396475875806071372e+02 1.705709092474725245e-39
8.593757715222496927e+02 1.766440355243658313e-39
8.795674847437863946e+02 1.829339444316500495e-39
9.002336182321381557e+02 1.894483942524364190e-39
9.213853188665773359e+02 1.961537726104941120e-39
9.430339954311183419e+02 2.030043684725645460e-39
9.651913247681734447e+02 2.100945608738714245e-39
9.878692580768024527e+02 2.174327411148004137e-39
1.011080027358935581e+03 2.249124013736021428e-39
1.034836152017060840e+03 2.325179377344905084e-39
1.059150445606922631e+03 2.403812005699799927e-39
1.084036022748892719e+03 2.485109424779224765e-39
1.109506306201716370e+03 2.569162139743919991e-39
1.135575034102466361e+03 2.656063736577940712e-39
1.162256267376610367e+03 2.745910987205985128e-39
1.189564397322178365e+03 2.838803958205539562e-39
1.217514153372121427e+03 2.935731552877729913e-39
1.246120611039067853e+03 3.036526324689821732e-39
1.275399200046735132e+03 3.140787251108560690e-39
1.305365712652394677e+03 3.248633718241912964e-39
1.336036312164892706e+03 3.359435245476509805e-39
1.367427541662796330e+03 3.473002603703138177e-39
1.399556332917379677e+03 3.590412068930663376e-39
1.432440015525274021e+03 3.711793718802894640e-39
1.466096326255685426e+03 3.837282037951442415e-39
1.500543418617231737e+03 3.967096153922102534e-39
1.535799872649572990e+03 4.106538071319598384e-39
1.571884704945092153e+03 4.250892308930783389e-39
1.608817378906040403e+03 4.400332286410148574e-39
1.646617815242698953e+03 4.555037557845774696e-39
1.685306402718187428e+03 4.715194029160800054e-39
1.724904009145730015e+03 4.877008743986733212e-39
1.765431992644327011e+03 5.041923289736710620e-39
1.806912213158872191e+03 5.212418510468091729e-39
1.849367044250942399e+03 5.388683390403401168e-39
1.892819385166638540e+03 5.570913317956336909e-39
1.937292673187955188e+03 5.758442993333113629e-39
1.982810896274351535e+03 5.951554720463539540e-39
2.029398606001366261e+03 6.154180587252856604e-39
2.077080930803218052e+03 6.365571002437860923e-39
2.125883589526548803e+03 6.584232581559950489e-39
2.175832905302642757e+03 6.810415769258415502e-39
2.226955819745566714e+03 7.029230891043409685e-39
2.279279907483905390e+03 7.240961661598978600e-39
2.332833391033949738e+03 7.459117621977474178e-39
2.387645156022326773e+03 7.683895209378293362e-39
2.443744766766290468e+03 7.915496911084358142e-39
2.501162482220113361e+03 8.155434715909830279e-39
2.559929272296121326e+03 8.468769662583492220e-39
2.620076834569209495e+03 8.794340760642473595e-39
2.681637611373866093e+03 9.132633103496788479e-39
2.744644807302877780e+03 9.456357095778114793e-39
2.809132407117183448e+03 9.780059851888240497e-39
2.875135194076559856e+03 1.011506825066955503e-38
2.942688768700973014e+03 1.046156361972088129e-38
3.011829567972745281e+03 1.081330864820605385e-38
3.082594884989916409e+03 1.114338470688324440e-38
3.155022889081349604e+03 1.148359717963547427e-38
3.229152646394460589e+03 1.183425924629180896e-38
3.305024140966695086e+03 1.220135890474503519e-38
3.382678296292072901e+03 1.266361125417243570e-38
3.462156997394451537e+03 1.314359779059076486e-38
3.543503113419450983e+03 1.364200692851332030e-38
3.626760520757162340e+03 1.415955409440252457e-38
3.711974126708142194e+03 1.469698279680698995e-38
3.799189893705491158e+03 1.525506573925330741e-38
3.888454864106015975e+03 1.583460597761503378e-38
3.979817185563878866e+03 1.643643812374805303e-38
4.073326137000456583e+03 1.705409676584242955e-38
4.169032155184346266e+03 1.769310659966505098e-38
4.266986861935890374e+03 1.835632361410724621e-38
4.367243091970925889e+03 1.915269904508671085e-38
4.469854921398712577e+03 2.004110593637355555e-38
4.574877696889441722e+03 2.097223576620045936e-38
4.682368065527091858e+03 2.194820024403222077e-38
4.792384005363664983e+03 2.297121757287978968e-38
4.904984856691339701e+03 2.419402858660464109e-38
5.020231354049361471e+03 2.553905648908550268e-38
5.138185658983013127e+03 2.707697273995976979e-38
5.258911393572228008e+03 2.871639407889170517e-38
5.382473674747999212e+03 3.068044223799111017e-38
5.508939149415112297e+03 3.290846426435303521e-38
5.638376030400075251e+03 3.531216730012365829e-38
5.770854133243671640e+03 3.790593169721091918e-38
5.906444913858033033e+03 4.065948913210999190e-38
6.045221507068443316e+03 4.374595683176319807e-38
6.187258766060711423e+03 4.736497144279255713e-38
6.332633302755451041e+03 5.132151188026530548e-38
6.481423529130922361e+03 5.568618414697616776e-38
6.633709699516792170e+03 6.045077482625154237e-38
6.789573953881677880e+03 6.565304728709901096e-38
6.949100362137701268e+03 7.133437644599621231e-38
7.112374969486021655e+03 7.771030971361931444e-38
7.279485842827850320e+03 8.468778075769939676e-38
7.450523118265875382e+03 9.224254365219021596e-38
7.625579049721760384e+03 1.004943219934010107e-37
7.804748058696021872e+03 1.095214167436865085e-37
7.988126785196987839e+03 1.193979440890185550e-37
8.175814139866365622e+03 1.302000059338272068e-37
8.367911357329616294e+03 1.418307729697151366e-37
8.564522050799772842e+03 1.545669134963068511e-37
8.765752267964198836e+03 1.685007447347475468e-37
8.971710548184550134e+03 1.837475672733681253e-37
9.182507981040600498e+03 1.998025455599110050e-37
9.398258266249606095e+03 2.168118279073458223e-37
9.619077774993607818e+03 2.348116675827488602e-37
9.845085612687575122e+03 2.543891041027525268e-37
1.007640368322235372e+04 2.752664356737032803e-37
1.031315675471708164e+04 2.941245672346056409e-37
1.055547252681656209e+04 3.143509933928341959e-37
1.080348169956966194e+04 3.360487393936566319e-37
1.105731804392622689e+04 3.593287658832684323e-37
1.131711847389041031e+04 3.843105884571454996e-37
1.158302312036907097e+04 4.111229459658564733e-37
1.185517540675552118e+04 4.399045214335082607e-37
1.213372212628917077e+04 4.684889748489250627e-37
1.241881352123257784e+04 4.972352062256909556e-37
1.271060336390907469e+04 5.277607341049977949e-37
1.300924903964428449e+04 5.601762233282594855e-37
1.331491163165657053e+04 5.945992398699806507e-37
1.362775600794179627e+04 6.311546818222618626e-37
1.394795091019973734e+04 6.699752373165737361e-37
1.427566904484991028e+04 7.112018710669369934e-37
1.461108717618562150e+04 7.541546001120068293e-37
1.495438622171700626e+04 7.972520156539730708e-37
1.530575134975423680e+04 8.403088224434182073e-37
1.566537207928324642e+04 8.853282745894077885e-37
1.603344238218837927e+04 9.328056777707035027e-37
1.641016078787687002e+04 9.828772477552093770e-37
1.679573049036124939e+04 1.035686835954998778e-36
1.719035945785801596e+04 1.087769113831131053e-36
1.759426054496146389e+04 1.138852393680093415e-36
1.800765160745276080e+04 1.193345948820646981e-36
1.843075561980689963e+04 1.250447912140111659e-36
1.886380079546057459e+04 1.310283181297269049e-36
1.930702070990550419e+04 1.372982636372607508e-36
1.976065442667424941e+04 1.438683426510127283e-36
2.022494662628621518e+04 1.505745225519786354e-36
2.070014773822294592e+04 1.573926269632180679e-36
2.118651407600464881e+04 1.645454606658334709e-36
2.168430797544047891e+04 1.720694581777591218e-36
2.219379793612671347e+04 1.799448798521458942e-36
2.271525876626993704e+04 1.881887316984110299e-36
2.324897173091295190e+04 1.968188893312310068e-36
2.379522470364300170e+04 2.058541459946897154e-36
2.435431232186485431e+04 2.153142634954751384e-36
2.492653614572221704e+04 2.252200262385966830e-36
2.551220482075264954e+04 2.339899820782894974e-36
2.611163424436464629e+04 2.423350345139656788e-36
2.672514773622624125e+04 2.509987425194911812e-36
2.735307621265654234e+04 2.599941303678165626e-36
2.799575836511520902e+04 2.693347966300927506e-36
2.865354084288571175e+04 2.790349417602497746e-36
2.932677844005034058e+04 2.891093971269579722e-36
3.001583428685885883e+04 2.995516746409303007e-36
3.072108004559355322e+04 3.097687003468410460e-36
3.144289611103570132e+04 3.207077762164587213e-36
3.218167181564271596e+04 3.321044839759258854e-36
3.293780563954613172e+04 3.439839705682792836e-36
3.371170542548303638e+04 3.563732086720748217e-36
3.450378859877807554e+04 3.693011547235185872e-36
3.531448239249415201e+04 3.827989217340396621e-36
3.614422407787256816e+04 3.968999683301042390e-36
3.699346120018816146e+04 4.113196273253618395e-36
3.786265182014608581e+04 4.260905337774961270e-36
3.875226476094969985e+04 4.414212911410074064e-36
3.966277986117420369e+04 4.573348714971104586e-36
4.059468823358173540e+04 4.729304031483603636e-36
4.154849253001686156e+04 4.885526212691037316e-36
4.252470721252663498e+04 5.047379467913525456e-36
4.352385883085093519e+04 5.215093768274199952e-36
4.454648630643174693e+04 5.377691585792672971e-36
4.559314122309679806e+04 5.540871656530659480e-36
4.666438812457167660e+04 5.710412555614861245e-36
4.776080481898316793e+04 5.886623364442119342e-36
4.888298269051712850e+04 6.069831126714323117e-36
5.003152701839816291e+04 6.260382016595567214e-36
5.120705730336479610e+04 6.458642587314535652e-36
5.241020760181554215e+04 6.665001105898286917e-36
5.364162686780501099e+04 6.885019116942862261e-36
5.490197930307640490e+04 7.115172286339863029e-36
5.619194471531837189e+04 7.340281181469609510e-36
5.751221888483838120e+04 7.572399386134390277e-36
5.886351393985231698e+04 7.812976767652440778e-36
6.024655874059190683e+04 8.062378884328129874e-36
6.166209927243596030e+04 8.320989635914230140e-36
6.311089904827954160e+04 8.589212279169614425e-36
6.459373952035726688e+04 8.830485986850159088e-36
6.611142050174147880e+04 9.070063690447095551e-36
6.766476059774498572e+04 9.316721021889282710e-36
6.925459764746011933e+04 9.570681589828569673e-36
7.088178917567069584e+04 9.821189293338783333e-36
7.254721285538328812e+04 1.006929312887451763e-35
7.425176698122618836e+04 1.032437029266492704e-35
7.599637095396975928e+04 1.058663689734624369e-35
7.778196577643237833e+04 1.089661875508367499e-35
7.960951456103811506e+04 1.122402315326693529e-35
8.148000304929846607e+04 1.156387238527156353e-35
8.339444014350112411e+04 1.191675526581723143e-35
8.535385845089121722e+04 1.228329262029308828e-35
8.735931484063703101e+04 1.266413914614626987e-35
8.941189101388354902e+04 1.305998538561286600e-35
9.151269408719999774e+04 1.347155981652447797e-35
9.366285718973414623e+04 1.383004098687422466e-35
9.586354007439901761e+04 1.419477858085573092e-35
9.811592974341989611e+04 1.457014330277996244e-35
1.004212410885772260e+05 1.494883965224844418e-35
1.027807175464944012e+05 1.530325664113527268e-35
1.051956317693220772e+05 1.566752463958425167e-35
1.076672863111787156e+05 1.604195958552048617e-35
1.101970143307217077e+05 1.642596639160109980e-35
1.127861803102258127e+05 1.673444519989858755e-35
1.154361807915550016e+05 1.704881068647271021e-35
1.181484451294285100e+05 1.736917641215431692e-35
1.209244362623855559e+05 1.769565814499205216e-35
1.237656515018622886e+05 1.802837390338511463e-35
1.266736233398108598e+05 1.836744400006234165e-35
1.296499202752943238e+05 1.871299108692397387e-35
1.326961476605006028e+05 1.907366685408766124e-35
1.358139485666364490e+05 1.954394490212184610e-35
1.390050046701666724e+05 2.002812128580797604e-35
1.422710371598732891e+05 2.052667362135641380e-35
1.456138076652297168e+05 2.104009763672774754e-35
1.490351192065874930e+05 2.156890789650894593e-35
1.525368171676860366e+05 2.211363855658287485e-35
1.561207902910147677e+05 2.267484414983349294e-35
1.597889716965621337e+05 2.323102725034595016e-35
1.635433399244982575e+05 2.367183744165065630e-35
1.673859200023588201e+05 2.412125139720405939e-35
1.713187845373036689e+05 2.457166291010639536e-35
1.753440548340354580e+05 2.501486271367368484e-35
1.794639020389880461e+05 2.546632215309659194e-35
1.836805483113985683e+05 2.592619860575546278e-35
1.879962680218911846e+05 2.639465249834965928e-35
1.924133889792261471e+05 2.688531349473630310e-35
1.969342936858721951e+05 2.743564338976490480e-35
2.015614206230761483e+05 2.799807536566800825e-35
2.062972655661296158e+05 2.857289370885891272e-35
2.111443829305393156e+05 2.916038976342854889e-35
2.161053871498226654e+05 2.976086211395486073e-35
2.211829540856796957e+05 3.037461677319596999e-35
2.263798224712980445e+05 3.100196737479743653e-35
2.316987953885656898e+05 3.163599789103066771e-35
2.371427417799957911e+05 3.226532058224469360e-35
2.427145979961756384e+05 3.290810294306044811e-35
2.484173693795697764e+05 3.356464921247645103e-35
2.542541318855400896e+05 3.423527081569228871e-35
2.602280337414532842e+05 3.492028653982095037e-35
2.663422971447656164e+05 3.562002271401039763e-35
2.726002200010102242e+05 3.633481339408634534e-35
2.790051777026199270e+05 3.700965265531921480e-35
2.855606249495398370e+05 3.759405904053851431e-35
2.922700976126216701e+05 3.818793544814359193e-35
2.991372146408002591e+05 3.879143754850891235e-35
3.061656800130753545e+05 3.936746343782604345e-35
3.133592847363616456e+05 3.994685030874301313e-35
3.207219088902805815e+05 4.053491716071850489e-35
3.282575237199903931e+05 4.113179515067162662e-35
3.359701937781939632e+05 4.184821280861928497e-35
3.438640791174756596e+05 4.273487694970181665e-35
3.519434375341425184e+05 4.364341038112600337e-35
3.602126268647921970e+05 4.457441894725084668e-35
3.686761073368408252e+05 4.552852656136602262e-35
3.773384439742721152e+05 4.650637576722975656e-35
3.862043090599175193e+05 4.750862831842854874e-35
3.952784846555902041e+05 4.853596577613829148e-35
4.045658651814241312e+05 4.941664124088188916e-35
4.140714600558241946e+05 5.013134586766062461e-35
4.238003963974437793e+05 5.085659788444191175e-35
4.337579217906403937e+05 5.159255441566312290e-35
4.439494071159150335e+05 5.233937493784504779e-35
4.543803494468551944e+05 5.309722131490322068e-35
4.650563750151359127e+05 5.386625783399734996e-35
4.759832422451938619e+05 5.464665124191485160e-35
4.871668448602035060e+05 5.543857078200597717e-35
4.986132150610224926e+05 5.624218823167006580e-35
5.103285267798367422e+05 5.699800268087314599e-35
5.223190990102536161e+05 5.775592594869399507e-35
5.345913992156282766e+05 5.852408664662510241e-35
5.471520468174807029e+05 5.930262409562190410e-35
5.600078167658767197e+05 6.009167951988587587e-35
5.731656431936871959e+05 6.089139607291955216e-35
5.866326231567170471e+05 6.170191886394045482e-35
6.004160204617126146e+05 6.252339498465635820e-35
6.145232695842989488e+05 6.335597353640993029e-35
6.289619796789840329e+05 6.419980565769105008e-35
6.437399386833813041e+05 6.505504455203113786e-35
6.588651175188517664e+05 6.592184551627604519e-35
6.743456743898562854e+05 6.680036596925052629e-35
6.901899591843237868e+05 6.769076548081225955e-35
7.064065179773978889e+05 6.859320580130597121e-35
7.230040976410146104e+05 6.950785089142102894e-35
7.399916505617863731e+05 7.043486695245868470e-35
7.573783394697227050e+05 7.137442245701455829e-35
7.751735423804194434e+05 7.232668818007985770e-35
7.933868576533680316e+05 7.329183723057322450e-35
8.120281091690988978e+05 7.427004508330084176e-35
8.311073516279894393e+05 7.526148961135697078e-35
8.506348759735471103e+05 7.626635111896815607e-35
8.706212149431338767e+05 7.728481237478825096e-35
8.910771487491085427e+05 7.828736243248997824e-35
9.120137108934379648e+05 7.929558229406445948e-35
9.334421941189408535e+05 8.031700952628053850e-35
9.553741565003630240e+05 8.135181818638738871e-35
9.778214276785491966e+05 8.240018463039261999e-35
1.000796115241108462e+06 8.346111205180906733e-35
1.024310611253000330e+06 8.450236825003310003e-35
1.048377598940541968e+06 8.555682509159291188e-35
1.073010059532480780e+06 8.662465094134955301e-35
1.098221279261803720e+06 8.770601631665413558e-35
1.124024856532040052e+06 8.880109391490021053e-35
1.150434709251961904e+06 8.991005864142854307e-35
1.177465082342618844e+06 9.103308763777898399e-35
1.205130555420736549e+06 9.217036031031510619e-35
1.233446050662662135e+06 9.332205835921178124e-35
1.262426840853083180e+06 9.448836580781264523e-35
1.292088557622830383e+06 9.566946903236459547e-35
1.322447199880260509e+06 9.686555679213102865e-35
1.353519142440739088e+06 9.807682025989709871e-35
1.385321144858858315e+06 9.930345305285794993e-35
1.417870360468195984e+06 1.005456512639043151e-34
1.451184345633472782e+06 1.018036134933174640e-34
1.485281069220071891e+06 1.030775408808537121e-34
1.520178922286074841e+06 1.043676371382544126e-34
1.555896728002023418e+06 1.056741085821667414e-34
1.592453751803724561e+06 1.069971641674864156e-34
1.629869711783631472e+06 1.083370155211237991e-34
1.668164789326379774e+06 1.096938769762106507e-34
1.707359639994183788e+06 1.110615997381748605e-34
1.747475404668023111e+06 1.124184122739183386e-34
1.788533720950601622e+06 1.137920408061691460e-34
1.830556734837196302e+06 1.151826950879267285e-34
1.873567112660752377e+06 1.165905874975287211e-34
1.917588053317640442e+06 1.180117740571736165e-34
1.962643300780632533e+06 1.194163998005513454e-34
2.008757156905913260e+06 1.208379888192084569e-34
2.055954494541005464e+06 1.222767469337829324e-34
2.104260770940638147e+06 1.237328824660796612e-34
2.153702041497867554e+06 1.252066062694850704e-34
2.204304973797823768e+06 1.266981317597409957e-34
2.256096862001621164e+06 1.282076749461135012e-34
2.309105641568270046e+06 1.297354544629151240e-34
2.363359904322490562e+06 1.312816916014372715e-34
2.418888913876517210e+06 1.328466103422439753e-34
2.475722621414291207e+06 1.344304373878849706e-34
2.533891681846517138e+06 1.360334021959847155e-34
2.593427470345248003e+06 1.376557370127456466e-34
2.654362099267010577e+06 1.392976769068577801e-34
2.716728435473555699e+06 1.409594598038162621e-34
2.780560118059519678e+06 1.426413265206622208e-34
2.845891576496664435e+06 1.443435208011392448e-34
2.912758049204430077e+06 1.460662893512875098e-34
2.981195602556765545e+06 1.478098818754581499e-34
3.051241150335591286e+06 1.494848211743827567e-34
3.122932473641339224e+06 1.511453757487121218e-34
3.196308241271247622e+06 1.528246992167037245e-34
3.271408030576521065e+06 1.545230058188472364e-34
3.348272348809540737e+06 1.562405122588988775e-34
3.426942654972591437e+06 1.579774377323646849e-34
3.507461382179995067e+06 1.597340039553490948e-34
3.589871960545666050e+06 1.615104351937051838e-34
3.674218840608361643e+06 1.633069582925574075e-34
3.760547517307392322e+06 1.651238027061407950e-34
3.848904554521661717e+06 1.669612005280019071e-34
3.939337610185199883e+06 1.688193865215500550e-34
4.031895461992878933e+06 1.706985981509588010e-34
4.126628033710102085e+06 1.725990756124326657e-34
4.223586422100588679e+06 1.743512804893070417e-34
4.322822924486920238e+06 1.758856573702270323e-34
4.424391066958650015e+06 1.774342977698704405e-34
4.528345633243096992e+06 1.789973395329232416e-34
4.634742694254570641e+06 1.805749218741286767e-34
4.743639638337869197e+06 1.821671853921668131e-34
4.855095202222302556e+06 1.837742720836979771e-34
4.969169502703072503e+06 1.853963253575377298e-34
5.085924069067047909e+06 1.870334900489715102e-34
5.205421876280307770e+06 1.886859124342423032e-34
5.327727378955554217e+06 1.903537402451544547e-34
5.452906546117604710e+06 1.920371226838548732e-34
5.581026896785642952e+06 1.937362104377512049e-34
5.712157536391592585e+06 1.954511556945819929e-34
5.846369194054170512e+06 1.971821121576583641e-34
5.983734260728630237e+06 1.989292350612399951e-34
6.124326828252948821e+06 2.006926811860870968e-34
6.268222729311459698e+06 2.024726088751680597e-34
6.415499578337332234e+06 2.042691780495172448e-34
6.566236813376208767e+06 2.060825502242777305e-34
6.720515738933462650e+06 2.079128885248840255e-34
6.878419569828066044e+06 2.097603577034373076e-34
7.040033476076953113e+06 2.116328230262856054e-34
7.205444628833990544e+06 2.135468251262982813e-34
7.374742247408185154e+06 2.154791405536824237e-34
7.548017647386747412e+06 2.174299516043764236e-34
7.725364289888857864e+06 2.193994424402508105e-34
7.906877831976537593e+06 2.213877991085658933e-34
8.092656178250112571e+06 2.233952095616577631e-34
8.282799533655953594e+06 2.254218636768143404e-34
8.477410457534819841e+06 2.274679532763697756e-34
8.676593918940274045e+06 2.295336721480112174e-34
8.880457353256836534e+06 2.316192160652930733e-34
9.089110720148278400e+06 2.337247828083796305e-34
9.302666562867613509e+06 2.359245969342572227e-34
9.521240068960620090e+06 2.381733848505401858e-34
9.744949132395485416e+06 2.404443056604289080e-34
9.973914417152388021e+06 2.427375819594141349e-34
1.020825942230718769e+07 2.449224876834827035e-34
1.044811054864411429e+07 2.471107360051365008e-34
1.069359716683376022e+07 2.493189342102429592e-34
1.094485168721297942e+07 2.515472664402813806e-34
1.120200963120411523e+07 2.537959185526386122e-34
1.146520970441247337e+07 2.560650781367244499e-34
1.173459387144129910e+07 2.583549345302475776e-34
1.201030743246436492e+07 2.606656788356366488e-34
1.229249910159790702e+07 2.629975039366216485e-34
1.258132108711398020e+07 2.653506045149715581e-34
1.287692917353825457e+07 2.677251770673864853e-34
1.317948280567700975e+07 2.701214199225576433e-34
1.348914517461838759e+07 2.725395332583834616e-34
1.380608330575409532e+07 2.749797191193384948e-34
1.413046814886947908e+07 2.774421814340374205e-34
1.446247467035033740e+07 2.799271260329272879e-34
1.480228194755595550e+07 2.824347606661729322e-34
1.515007326540976018e+07 2.849652950217047651e-34
1.550603621525946259e+07 2.875189407434252627e-34
1.587036279605971463e+07 2.900959114496198244e-34
1.624324951793241501e+07 2.926964227515014405e-34
1.662489750816024281e+07 2.953206922719625535e-34
1.701551261967027187e+07 2.979689396644784315e-34
1.741530554206699878e+07 3.006413866322251768e-34
1.782449191527364776e+07 3.033382569473377012e-34
1.824329244584393874e+07 3.060597764703778446e-34
1.867193302600669116e+07 3.088061731699798371e-34
1.911064485550711676e+07 3.115776771426676735e-34
1.955966456631125137e+07 3.143745206328957596e-34
2.001923435024037957e+07 3.171944654685711281e-34
2.048960208960400522e+07 3.199824722069351614e-34
2.097102149090246856e+07 3.227955927283545673e-34
2.146375222167106345e+07 3.256340572957999979e-34
2.196806005053901300e+07 3.284980983131690178e-34
2.248421699057959765e+07 3.313879503454040676e-34
2.301250144602846727e+07 3.343038501388431941e-34
2.355319836244877800e+07 3.372460366417173759e-34
2.410659938042497262e+07 3.402147510248674860e-34
2.467300299286776781e+07 3.432102367026477071e-34
2.525271470601466671e+07 3.462327393540291677e-34
2.584604720421377942e+07 3.492825069439191546e-34
2.645332051857934892e+07 3.523597897446517655e-34
2.707486219960952923e+07 3.554648403577171443e-34
2.771100749386039749e+07 3.585979137356607038e-34
2.836209952477111295e+07 3.617592672042317068e-34
2.902848947773714736e+07 3.649491604847007659e-34
2.971053678953250125e+07 3.681678557164225962e-34
3.040860934218256921e+07 3.714063086074022431e-34
3.112308366139159352e+07 3.746671765789917743e-34
3.185434511963295937e+07 3.779573316316665652e-34
3.260278814401118457e+07 3.812770411823410615e-34
3.336881642900728807e+07 3.846265751218273824e-34
3.415284315422327816e+07 3.880062058379467379e-34
3.495529120724282414e+07 3.914162082389102616e-34
3.577659341172751039e+07 3.948568597768667520e-34
3.661719276087305695e+07 3.983284404717010978e-34
3.747754265635080636e+07 4.018312329350418630e-34
3.835810715286262333e+07 4.053655223945193848e-34
3.925936120844249427e+07 4.089315967182164821e-34
4.018179094063919038e+07 4.125297464393849858e-34
4.112589388871738315e+07 4.161602647813795120e-34
4.209217928202015907e+07 4.198234476828219906e-34
4.308116831463690102e+07 4.235195938230143977e-34
4.409339442652395368e+07 4.271034754403400053e-34
4.512940359123118222e+07 4.304495942653949098e-34
4.618975461038897187e+07 4.338246162124279362e-34
4.727501941511354595e+07 4.372288057164497122e-34
4.838578337449491024e+07 4.406624297076911287e-34
4.952264561133294553e+07 4.441257576355129945e-34
5.068621932529113442e+07 4.476190614925620992e-34
5.187713212364386767e+07 4.511426158391280966e-34
5.309602635979497433e+07 4.546966978277989680e-34
5.434355947974909842e+07 4.582815872282921606e-34
5.562040437672454119e+07 4.618975664525481283e-34
5.692724975409814715e+07 4.655449205800809700e-34
5.826480049687677622e+07 4.692239373835561464e-34
5.963377805189785361e+07 4.729349073546077623e-34
6.103492081696300954e+07 4.766781237299343291e-34
6.246898453911370039e+07 4.804538825176265664e-34
6.393674272226562351e+07 4.842624825237504208e-34
6.543898704442095757e+07 4.881042253791827347e-34
6.697652778468209505e+07 4.919794155667273643e-34
6.855019426029956341e+07 4.958883604484741979e-34
7.016083527398884296e+07 4.998313702934139040e-34
7.180931957175587118e+07 5.038087583053514306e-34
7.349653631148089468e+07 5.078208406510665967e-34
7.522339554251201451e+07 5.118679364887494861e-34
7.699082869652582705e+07 5.159503679967046575e-34
7.879978908992262185e+07 5.200684604023605201e-34
8.065125243802575767e+07 5.242225420115100638e-34
8.254621738136103749e+07 5.284129442378972099e-34
8.448570602430303395e+07 5.326400016330269900e-34
8.647076448637722433e+07 5.369040519163110814e-34
8.850246346651396155e+07 5.412054360054796790e-34
9.058189882056146860e+07 5.455444980472905783e-34
9.271019215236814320e+07 5.499215854485333311e-34
9.488849141875107586e+07 5.543370489073590089e-34
9.711797154868035018e+07 5.588972896194785486e-34
9.939983507701179385e+07 5.635519941882347003e-34
1.017353127931078374e+08 1.849731614224125463e-34
1.041256644046999216e+08 1.859811516105524172e-34
1.065721792173498869e+08 1.869946875261283746e-34
1.090761768298718631e+08 1.880137998106266601e-34
