1.584893192461114042e+00 3.593090643104020365e-55
1.621806752692610543e+00 9.582846597503161629e-55
1.659580062297405956e+00 2.555764884126231381e-54
1.698233145596651061e+00 6.816277477127393963e-54
1.737786493295596202e+00 1.817915213318975902e-53
1.778261073346088850e+00 4.848417239330593867e-53
1.819678342062066800e+00 1.293082843160819717e-52
1.862060255493943828e+00 3.448678520720147528e-52
1.905429281067910319e+00 9.197696498860231254e-52
1.949808409496328387e+00 2.453044561181115999e-51
1.995221166965527093e+00 6.542320264520313868e-51
2.041691627607464810e+00 1.032832993424943553e-50
2.089244426261863463e+00 1.629762197355589010e-50
2.137904771535588999e+00 2.571688585510293990e-50
2.187698459166194986e+00 4.058004407989627625e-50
2.238651885696711918e+00 6.403341317469690630e-50
2.290792062468937296e+00 1.010417335853220481e-49
2.344146629942641447e+00 1.594391337234129804e-49
2.398743872348280348e+00 2.515875021186805192e-49
2.454612732680983456e+00 3.969933211762250055e-49
2.511782828043760407e+00 6.264369085558997361e-49
2.570284465348071201e+00 8.446362410023150948e-49
2.630148657380073640e+00 1.138516965962166109e-48
2.691407139241066115e+00 1.534649851450222812e-48
2.754092385170843205e+00 2.068612271022103733e-48
2.818237625762886722e+00 2.788360304977374075e-48
2.883876865580505822e+00 3.758535758144710264e-48
2.951044901183282221e+00 5.066271751192234409e-48
3.019777339573355146e+00 6.829018295571005253e-48
3.090110617071349708e+00 9.205090680394097052e-48
3.162082018631930058e+00 1.240788803995923263e-47
3.235729697609241118e+00 1.549487191459753430e-47
3.311092695982692291e+00 1.934589003832281166e-47
3.388210965053827017e+00 2.415402098434218224e-47
3.467125386625234285e+00 3.015714079612401837e-47
3.547877794672744667e+00 3.765224604163421413e-47
3.630510997522377714e+00 4.701014733339673190e-47
3.715068800543821048e+00 5.869381470268641990e-47
3.801596029372454666e+00 7.328128244146092711e-47
3.890138553672243482e+00 9.149424659936615367e-47
3.980743311452077826e+00 1.142337699599195986e-46
4.073458333948471122e+00 1.366609829773348300e-46
4.168332771087796651e+00 1.634661620622847446e-46
4.265416917541561936e+00 1.955290058451080995e-46
4.364762239388528364e+00 2.338807716804935539e-46
4.466421401397822066e+00 2.797549914675827509e-46
4.570448294947487611e+00 3.346271465101151237e-46
4.676898066593297543e+00 4.002621243470375994e-46
4.785827147302941675e+00 4.787709839373733166e-46
4.897293282371114387e+00 5.726788549736040698e-46
5.011355562031353017e+00 6.850061552117227689e-46
5.128074452780849057e+00 7.940971309215332544e-46
5.247511829434841069e+00 9.204317213164866329e-46
5.369731007927581068e+00 1.066865148627950028e-45
5.494796778877272914e+00 1.236594979287521103e-45
5.622775441932762241e+00 1.433327487326492482e-45
5.753734840920184723e+00 1.661358585742729968e-45
5.887744399808221729e+00 1.925667633409703697e-45
6.024875159511014822e+00 2.232026165924912864e-45
6.165199815548246143e+00 2.587123924678564995e-45
6.308792756582369599e+00 2.998714936153389740e-45
6.455730103853388080e+00 3.398690791962700670e-45
6.606089751532120857e+00 3.851549552903783962e-45
6.759951408013326279e+00 4.364749506943776933e-45
6.917396638170570711e+00 4.946330820020961193e-45
7.078508906595262218e+00 5.605404970472235968e-45
7.243373621842754240e+00 6.352297496118980877e-45
7.412078181708975144e+00 7.198709761696304811e-45
7.584712019561609786e+00 8.157902280993909085e-45
7.761366651750342349e+00 9.244902465766920484e-45
7.942135726121352768e+00 1.047674005616188411e-44
8.127115071661759060e+00 1.167746171254998240e-44
8.316402749300294772e+00 1.301443432450750794e-44
8.510099103891212380e+00 1.450447922298821182e-44
8.708306817408917766e+00 1.616512191651156815e-44
8.911130963381555858e+00 1.801589443911432751e-44
9.118679062592418560e+00 2.007856508089691285e-44
9.331061140078658056e+00 2.237739442081410604e-44
9.548389783457583491e+00 2.493942067309890920e-44
9.770780202611407006e+00 2.779477770348766406e-44
9.998350290762100911e+00 3.097704945566804779e-44
1.023122068696875431e+01 5.291737119443952592e-44
1.046951484008054045e+01 5.903426593846294375e-44
1.071335907417919309e+01 6.587881961884138599e-44
1.096288265554574615e+01 7.354018930078077242e-44
1.121821786118689523e+01 8.211877821217641108e-44
1.147950004895749743e+01 9.172769404020730201e-44
1.174686772931622158e+01 1.020783468341732862e-43
1.202046263875247689e+01 1.126577909642647403e-43
1.230042981492351828e+01 1.243363307142648665e-43
1.258691767354154578e+01 1.372286193863110668e-43
1.288007808705159007e+01 1.504797385208235963e-43
1.318006646514188418e+01 1.650162097877086432e-43
1.348704183712934501e+01 1.809733252488569227e-43
1.380116693626393776e+01 1.981164117210104760e-43
1.412260828599654161e+01 2.166819411776853672e-43
1.445153628825607406e+01 2.369984201372451979e-43
1.478812531378265582e+01 2.592325831071631097e-43
1.513255379456473193e+01 2.835672970693186449e-43
1.548500431842911418e+01 3.102031662604007330e-43
1.584566372583416083e+01 3.393603044218486604e-43
1.621472320891725971e+01 3.687948216162892311e-43
1.659237841284930326e+01 4.008000430768172556e-43
1.697882953954977125e+01 4.356325324400505801e-43
1.737428145381740308e+01 4.735511822323679237e-43
1.777894379193278240e+01 5.148404249936997574e-43
1.819303107279035459e+01 5.598131270308301818e-43
1.861676281161881619e+01 6.080628589739083286e-43
1.905036363635011298e+01 6.588267844750777893e-43
1.949406340669888138e+01 7.138588590577123267e-43
1.994809733601519497e+01 7.735221567630698695e-43
2.041270611597549944e+01 8.349309722939686039e-43
2.088813604417767422e+01 9.012565711639432941e-43
2.137463915470785736e+01 9.729371088070602914e-43
2.187247335174834717e+01 1.047983239169628345e-42
2.238190254629728670e+01 1.127518321830028513e-42
2.290319679607273429e+01 1.213157971535235146e-42
2.343663244867515871e+01 1.305379583352500153e-42
2.398249228808439781e+01 1.404699040210799754e-42
2.454106568456854021e+01 1.511673965214908653e-42
2.511264874808445313e+01 1.626907267676204113e-42
2.569754448525102930e+01 1.741347886908619981e-42
2.629606295997856336e+01 1.863844800588005615e-42
2.690852145783927085e+01 1.995092232673962263e-42
2.753524465426615819e+01 2.135731624867929859e-42
2.817656478666945574e+01 2.286453425048138469e-42
2.883282183056164882e+01 2.448001067320244902e-42
2.950436367978475261e+01 2.618871135081211315e-42
3.019154633093519280e+01 2.796687870884649378e-42
3.089473407208409128e+01 2.986785903877697682e-42
3.161429967589302237e+01 3.190036984650438211e-42
3.235062459722761474e+01 3.399905733091417843e-42
3.310409917537373303e+01 3.623800663472091709e-42
3.387512284096345638e+01 3.862788684251628100e-42
3.466410432772060801e+01 4.112440056865011530e-42
3.547146188913784925e+01 4.375470374079087277e-42
3.629762352020060234e+01 4.655654278017661609e-42
3.714302718427494909e+01 4.954144342600294606e-42
3.800812104528002067e+01 5.272174002876388259e-42
3.889336370526790176e+01 5.611063562856938411e-42
3.979922444753687927e+01 5.972226681155948291e-42
4.072618348540721911e+01 6.330444074075469011e-42
4.167473221679086492e+01 6.710290020750414352e-42
4.264537348469052347e+01 7.113477015541892484e-42
4.363862184376593234e+01 7.541491270776995682e-42
4.465500383310865118e+01 7.995918427743577770e-42
4.569505825537004995e+01 8.478450636038181438e-42
4.675933646239045061e+01 8.985223267505338752e-42
4.784840264748078198e+01 9.510213957772330291e-42
4.896283414451175275e+01 1.006650722714456743e-41
5.010322173396917833e+01 1.065602231619782807e-41
5.127016995613733030e+01 1.126230738809958038e-41
5.246429743157689529e+01 1.190369412354722628e-41
5.368623718906700759e+01 1.258255569330323746e-41
5.493663700118536042e+01 1.328439977646320466e-41
5.621615972770428016e+01 1.401697878772740457e-41
5.752548366698476201e+01 1.479099124318217541e-41
5.886530291555492056e+01 1.560886196089752835e-41
6.023632773606309598e+01 1.647316394313313585e-41
6.163928493380112883e+01 1.738662790131146878e-41
6.307491824199711772e+01 1.835215242691637014e-41
6.454398871608195520e+01 1.931632171534713002e-41
6.604727513713874032e+01 2.033160256098584204e-41
6.758557442474882748e+01 2.140166310342544043e-41
6.915970205945343707e+01 2.252956208228213777e-41
7.077049251505479788e+01 2.371853636663973843e-41
7.241879970098602826e+01 2.497201183468959969e-41
7.410549741498395804e+01 2.628680625029971570e-41
7.583147980630535301e+01 2.765715995457049069e-41
7.759766184973175029e+01 2.910054760114943940e-41
7.940497983061433729e+01 3.062097005958252418e-41
8.125439184121584901e+01 3.218670045555090021e-41
8.314687828861275420e+01 3.383399824865226590e-41
8.508344241442713951e+01 3.556784266041738249e-41
8.706511082666311552e+01 3.734147099935479180e-41
8.909293404393068272e+01 3.917658465410068112e-41
9.116798705234472777e+01 4.110383197719392497e-41
9.329136987539487791e+01 4.312795760933930831e-41
9.546420815708792418e+01 4.525395770010718252e-41
9.768765375867236855e+01 4.748709366461549477e-41
9.996288536926104484e+01 4.983290671719246328e-41
1.022911091306757214e+02 5.211317878195016704e-41
1.046735592768450118e+02 5.449679341205135499e-41
1.071114987880943374e+02 5.699169978134022230e-41
1.096062200606744170e+02 5.960322161713047920e-41
1.121590455918849329e+02 6.233694437189739107e-41
1.147713286811535482e+02 6.519872847356909596e-41
1.174444541474456258e+02 6.819472326696661964e-41
1.201798390633810527e+02 7.133138168348628284e-41
1.229789335064511846e+02 7.461547567817528751e-41
1.258432213277310296e+02 7.805411247549556566e-41
1.287742209384954037e+02 8.165475166737161290e-41
1.317734861151574250e+02 8.542522320951346847e-41
1.348426068229526038e+02 8.937374636455007647e-41
1.379832100588096750e+02 9.350894964322066957e-41
1.411969607138500749e+02 9.783989179768134695e-41
1.444855624559784815e+02 1.023760839240255241e-40
1.478507586330269703e+02 1.068908008252207191e-40
1.512943331969365772e+02 1.115977785047882844e-40
1.548181116494624234e+02 1.165150837884358620e-40
1.584239620099049830e+02 1.216522579143387607e-40
1.621137958053823809e+02 1.269037908103920054e-40
1.658895690841644921e+02 1.323833653230820945e-40
1.697532834526112708e+02 1.381032547961348547e-40
1.737069871362592437e+02 1.440741790779786452e-40
1.777527760656249711e+02 1.503073449032429042e-40
1.818927949872943657e+02 1.568144684217216826e-40
1.861292386008936717e+02 1.636077987893256274e-40
1.904643527225382513e+02 1.707001428720042095e-40
1.949004354753820110e+02 1.781048911161031971e-40
1.994398385078939953e+02 1.858360446412043975e-40
2.040849682405094541e+02 1.939082436142823618e-40
2.088382871413186876e+02 2.023367969668536176e-40
2.137023150314647353e+02 2.107458571817213969e-40
2.186796304209482571e+02 2.194829886427676817e-40
2.237728718755410853e+02 2.285871998347249777e-40
2.289847394155395079e+02 2.380741130517758900e-40
2.343179959470938627e+02 2.479600236579410719e-40
2.397754687268746636e+02 2.582619294223614007e-40
2.453600508608547557e+02 2.689975611469807337e-40
2.510747028379956305e+02 2.801854146440714576e-40
2.569224540996586938e+02 2.913994532784803961e-40
2.629064046455653738e+02 3.030596076487332305e-40
2.690297266771656837e+02 3.151932236002295393e-40
2.752956662792780662e+02 3.278198299300505382e-40
2.817075451408999811e+02 3.409597742170093724e-40
2.882687623160952057e+02 3.546342577247818760e-40
2.949827960258936059e+02 3.688653718174382643e-40
3.018532055021615292e+02 3.836761359538952450e-40
3.088836328744133084e+02 3.985960036255454854e-40
3.160778051005730163e+02 4.140565647112617593e-40
3.234395359427005587e+02 4.301234474713435539e-40
3.309727279887389386e+02 4.468206920096825803e-40
3.386813747213449233e+02 4.641733018914205189e-40
3.465695626349092322e+02 4.822072831596099367e-40
3.546414734018812283e+02 5.009496849477252796e-40
3.629013860895482821e+02 5.204286417538813115e-40
3.713536794284504481e+02 5.406734174454326058e-40
3.800028341336221729e+02 5.617144510654158023e-40
3.888534352799043177e+02 5.835834045153351684e-40
3.979101747325731253e+02 6.063132121918313347e-40
4.071778536345860857e+02 6.292916975871298982e-40
4.166613849517545987e+02 6.531375156985870427e-40
4.263657960771953981e+02 6.778986136832237654e-40
4.362962314964465804e+02 7.036106030619303911e-40
4.464579555146496546e+02 7.294171700402345376e-40
4.568563550472576367e+02 7.560714524837296774e-40
4.674969424757334195e+02 7.837087444400429250e-40
4.783853585697671633e+02 8.123656301560317441e-40
4.895273754775499242e+02 8.420800675445696577e-40
5.009288997856934316e+02 8.728914402066194773e-40
5.125959756504228153e+02 9.048406114395214462e-40
5.245347880016901172e+02 9.379699803080684624e-40
5.367516658219228702e+02 9.723235398577661636e-40
5.492530855011290214e+02 1.007946937552623140e-39
5.620456742701537678e+02 1.044887538023345910e-39
5.751362137138910384e+02 1.083194488214701565e-39
5.885316433663299449e+02 1.122918785024734973e-39
6.022390643893262450e+02 1.164113345531664304e-39
6.162657433370562785e+02 1.206833079908353392e-39
6.306191160081544922e+02 1.251134967127958442e-39
6.453067913875606791e+02 1.295032409111505222e-39
6.603365556801873026e+02 1.340288987886354761e-39
6.757163764385234117e+02 1.387139402899086705e-39
6.914544067863852206e+02 1.435640211996402212e-39
7.075589897410304729e+02 1.485849994782076197e-39
7.240386626359486399e+02 1.537829425399758837e-39
7.409021616466560545e+02 1.591641347953719650e-39
7.581584264218990938e+02 1.647350854663577520e-39
7.758166048227308238e+02 1.705025366852944337e-39
7.938860577719528919e+02 1.764734718875190899e-39
8.123763642165179135e+02 1.826551245083766852e-39
8.312973262054979386e+02 1.890549869957906652e-39
8.506589740863350926e+02 1.956808201499324807e-39
8.704715718221098086e+02 2.025406628019018879e-39
8.907456224326518850e+02 2.096428418438134567e-39
9.114918735623898556e+02 2.169959826231396708e-39
9.327213231778658837e+02 2.244186143231016661e-39
9.544452253979662828e+02 2.320622904453712787e-39
9.766750964599279996e+02 2.399677260330099034e-39
9.994227208243123641e+02 2.481439298945784115e-39
1.022700157422160942e+03 2.563929680605284408e-39
1.046519746047650870e+03 2.649122090196132772e-39
1.070894113899653121e+03 2.737160569244935068e-39
1.095836182275632154e+03 2.828140707231794274e-39
1.121359173421471269e+03 2.922161321019712116e-39
1.147476617540816505e+03 3.019324564378532873e-39
1.174202359967694520e+03 3.119736041244214206e-39
1.201550568506166883e+03 3.223423808165767477e-39
1.229535740940951428e+03 3.329167316007505714e-39
1.258172712722957613e+03 3.438401145606588034e-39
1.287476664833826817e+03 3.551241229360915325e-39
1.317463131833657144e+03 3.667807374890900145e-39
1.348148010096146209e+03 3.785694579209006535e-39
1.379547566235559771e+03 3.906851329814217901e-39
1.411678445729951591e+03 4.031901596148489496e-39
1.444557681745243826e+03 4.160971005639406668e-39
1.478202704164810712e+03 4.294189255059265209e-39
1.512631348829385615e+03 4.434573986165617679e-39
1.547861866992163868e+03 4.584779760428546688e-39
1.583912934994118586e+03 4.740107549538454569e-39
1.620803664164682459e+03 4.900733064919094539e-39
1.658553610952998724e+03 5.066838077824058373e-39
1.697182787295166236e+03 5.238610629296734803e-39
1.736711671222917175e+03 5.406738447928308762e-39
1.777161217719408796e+03 5.579523990090514940e-39
1.818552869827836957e+03 5.757854183890124218e-39
1.860908570018779756e+03 5.941907679709225348e-39
1.904250771822314618e+03 6.131868906985315620e-39
1.948602451731028623e+03 6.324364304568925148e-39
1.993987121380293729e+03 6.522043405513562070e-39
2.040428840012197270e+03 6.730408159282373222e-39
2.087952227229799519e+03 6.946151461385100567e-39
2.136582476048429271e+03 7.168835907093279280e-39
2.186345366250954157e+03 7.398685566856146675e-39
2.237267278054131111e+03 7.631969025484171428e-39
2.289375206093219731e+03 7.871113158667128528e-39
2.342696773732354359e+03 8.117769727009720132e-39
2.397260247708170482e+03 8.372175284109496789e-39
2.453094553114539849e+03 8.634573848687676251e-39
2.510229288736271428e+03 8.905273064826860946e-39
2.568694742739983212e+03 9.184747873583456660e-39
2.628521908730406267e+03 9.473015673797879551e-39
2.689742502180653446e+03 9.770353769219123162e-39
2.752388977245187107e+03 1.005056830155670332e-38
2.816494543964338845e+03 1.033056968159947977e-38
2.882093185869579884e+03 1.061763092098593885e-38
2.949219677998790303e+03 1.091276218989935775e-38
3.017909605331162766e+03 1.123359552347287275e-38
3.088199381651427302e+03 1.161555290748271551e-38
3.160126268853483907e+03 1.201069370459017854e-38
3.233728396693604736e+03 1.241947958658461544e-38
3.309044783003704197e+03 1.283872176923434431e-38
3.386115354375425341e+03 1.324416840186380062e-38
3.464980967325931033e+03 1.366245261012472670e-38
3.545683429956715827e+03 1.409398188629401304e-38
3.628265524116814959e+03 1.453917668820936660e-38
3.712771028082269822e+03 1.499847085274126357e-38
3.799244739763782036e+03 1.547231202248001153e-38
3.887732500454888850e+03 1.596116208605900385e-38
3.978281219133300965e+03 1.646549763255286280e-38
4.070938897328172970e+03 1.698981875530410303e-38
4.165754654566625504e+03 1.753214016791157458e-38
4.262778754412869603e+03 1.809179350317390782e-38
4.362062631113866701e+03 1.866784247414158425e-38
4.463658916865555511e+03 1.926131912918815174e-38
4.567621469714121304e+03 1.987368244473936922e-38
4.674005402107160990e+03 2.050553406258002325e-38
4.782867110109767054e+03 2.115749480856639425e-38
4.894264303301140899e+03 2.188632711421712144e-38
5.008256035367464392e+03 2.266198583945915755e-38
5.124902735407367800e+03 2.350065947500378683e-38
5.244266239966466856e+03 2.437156257993127699e-38
5.366409825818073841e+03 2.530039255639429004e-38
5.491398243507359439e+03 2.628745100215941709e-38
5.619297751676780535e+03 2.731436952108130230e-38
5.750176152191032998e+03 2.838281025977820257e-38
5.884102826080019440e+03 2.953811091058078438e-38
6.021148770319039613e+03 3.079452281377987553e-38
6.161386635465540166e+03 3.232125174863057952e-38
6.304890764172548188e+03 3.392593117383217845e-38
6.451737230599020222e+03 3.551169251416343640e-38
6.602003880738186126e+03 3.717640094245621402e-38
6.755770373685116283e+03 3.892416442175303669e-38
6.913118223865435539e+03 4.075931109668907137e-38
7.074130844247663845e+03 4.306559379910535084e-38
7.238893590561892779e+03 4.574526857956738563e-38
7.407493806548473913e+03 4.861237046325268003e-38
7.580020870260477750e+03 5.168339640481955523e-38
7.756566241444675143e+03 5.497741100405955136e-38
7.937223510026004078e+03 5.851214964419503468e-38
8.122088445721269636e+03 6.246645089736714545e-38
8.311259048808478838e+03 6.680856739162337911e-38
8.504835602078508600e+03 7.118730457379902203e-38
8.702920723996912784e+03 7.579447370394419138e-38
8.905619423103777081e+03 8.072506850935438193e-38
9.113039153680721938e+03 8.608953538883484547e-38
9.325289872714360172e+03 9.188138926961374957e-38
9.542484098186461779e+03 9.780437167576915510e-38
9.764736968721870653e+03 1.041380983895736890e-37
9.992166304625508928e+03 1.109121709305611284e-37
1.022489267034113800e+04 1.174687534737418702e-37
1.046303943836473627e+04 1.241611756621773120e-37
1.070673285464654327e+04 1.312592799057130593e-37
1.095610210551625096e+04 1.387886444319523299e-37
1.121127938616717802e+04 1.467765017848948718e-37
1.147239997073525228e+04 1.552518476945829486e-37
1.173960228401033964e+04 1.642455572012729838e-37
1.201302797481775997e+04 1.737633409863695884e-37
1.229282199110883448e+04 1.841151150222121633e-37
1.257913265680057702e+04 1.953945255423465398e-37
1.287211175040481430e+04 2.073959794333732783e-37
1.317191458548880291e+04 2.201667607582242744e-37
1.347870009300967467e+04 2.337572886106555796e-37
1.379263090556680436e+04 2.482213265666438200e-37
1.411387344361620671e+04 2.636162062064196495e-37
1.444259800369309596e+04 2.800030656566915432e-37
1.477897884868920664e+04 2.951221926240523203e-37
1.512319430023262430e+04 3.100203986540758683e-37
1.547542683321950972e+04 3.251257657154297271e-37
1.583586317254725873e+04 3.409967976758379448e-37
1.620469439210084056e+04 3.576735361513728269e-37
1.658211601604441967e+04 3.751981675360845899e-37
1.696832812247248148e+04 3.936151399665377974e-37
1.736353544947476621e+04 4.121667716500778806e-37
1.776794750367171218e+04 4.316389003389620862e-37
1.818177867127762147e+04 4.520851984567836691e-37
1.860524833175090680e+04 4.735227364111855897e-37
1.903858097409101538e+04 4.960005045362611322e-37
1.948200631584416988e+04 5.195699528130034641e-37
1.993575942488088913e+04 5.442851159348513800e-37
2.040008084400958251e+04 5.682071150286796540e-37
2.087521671849293853e+04 5.928527413765323615e-37
2.136141892653385730e+04 6.178471608633154908e-37
2.185894521280077242e+04 6.436694127879135302e-37
2.236805932506261888e+04 6.705904657895204335e-37
2.288903115400662500e+04 6.986578058492506609e-37
2.342213687631209541e+04 7.279209978028831107e-37
2.396765910105677540e+04 7.584317773126265348e-37
2.452588701953311829e+04 7.902441469422063817e-37
2.509711655855368736e+04 8.230510239233322092e-37
2.568165053732763408e+04 8.540933762282247148e-37
2.627979882799052575e+04 8.859252461589545011e-37
2.689187851987330214e+04 9.189946320443758833e-37
2.751821408759690894e+04 9.533512337595559179e-37
2.815913756308254597e+04 9.890467957831482571e-37
2.881498871156763562e+04 1.026135192806441881e-36
2.948611521172162975e+04 1.064672518974423612e-36
3.017287283995689359e+04 1.103955525467073687e-36
3.087562565903201175e+04 1.144539462395500567e-36
3.159474621104848848e+04 1.187430296142953588e-36
3.233061571494187228e+04 1.232024894435037739e-36
3.308362426857293030e+04 1.278396420828654584e-36
3.385417105552570865e+04 1.326621485064599815e-36
3.464266455672180018e+04 1.376780321366994456e-36
3.544952276696389163e+04 1.428956976743674414e-36
3.627517341652222967e+04 1.483239509883074616e-36
3.712005419788233849e+04 1.536727552508670222e-36
3.798461299777353997e+04 1.591283443902811888e-36
3.886930813460231002e+04 1.647926831006040601e-36
3.977460860141494049e+04 1.706743688587049293e-36
4.070099431451940472e+04 1.764067987183037487e-36
4.164895636789782293e+04 1.822225332940116575e-36
4.261899729354401643e+04 1.882476501435209697e-36
4.361163132786541246e+04 1.944905077802549206e-36
4.462738468428880151e+04 2.008686761092676872e-36
4.566679583221584471e+04 2.074559440131238562e-36
4.673041578247522557e+04 2.142928254954323547e-36
4.781880837942403741e+04 2.213902611399729398e-36
4.893255059985163098e+04 2.287597361013025678e-36
5.007223285884565848e+04 2.364133098975901710e-36
5.123845932278196415e+04 2.443636479359844265e-36
5.243184822960381280e+04 2.526240548749658941e-36
5.365303221656172536e+04 2.612832012111056903e-36
5.490265865558564838e+04 2.702956350170708373e-36
5.618138999646880984e+04 2.790284501284523878e-36
5.748990411804403266e+04 2.880259639952227800e-36
5.882889468754034169e+04 2.973515527583811081e-36
6.019907152830818814e+04 3.070189818845099576e-36
6.160116099610988022e+04 3.170426711847934295e-36
6.303590636417414498e+04 3.274377287855578247e-36
6.450406821721835877e+04 3.369430059214921098e-36
6.600642485464912897e+04 3.463251485205001514e-36
6.754377270315254282e+04 3.559983959870995911e-36
6.911692673889471916e+04 3.659724839791458502e-36
7.072672091955503856e+04 3.760180197614023071e-36
7.237400862642317952e+04 3.860696204165370350e-36
7.405966311679150385e+04 3.964235320438149141e-36
7.578457798688489129e+04 4.070897360537166011e-36
7.754966764557256829e+04 4.193782974353707945e-36
7.935586779911229678e+04 4.325521444017608272e-36
8.120413594718626700e+04 4.462203962191779743e-36
8.309545189048859174e+04 4.604050124649832138e-36
8.503081825013567868e+04 4.751290522229856012e-36
8.701126099917413376e+04 4.904167330376577961e-36
8.903783000646717846e+04 5.062934931398070405e-36
9.111159959325025557e+04 5.227860571282037413e-36
9.323366910264773469e+04 5.367015601533917519e-36
9.540516348245508561e+04 5.499267778086717735e-36
9.762723388149349194e+04 5.634961290257866315e-36
9.990105825985597039e+04 5.774188382985602720e-36
1.022278420133648615e+05 5.901311637868704074e-36
1.046088186125742504e+05 6.030701336963884729e-36
1.070452502566555049e+05 6.163121049253798253e-36
1.095384285425112175e+05 6.298645579787007397e-36
1.120896751494756172e+05 6.451396720829330932e-36
1.147003425399600237e+05 6.613122187593938255e-36
1.173718146764183766e+05 6.779441609503633753e-36
1.201055077550099959e+05 6.950501062215804443e-36
1.229028709563524899e+05 7.126451679275075817e-36
1.257653872137578728e+05 7.307449837293187457e-36
1.286945739993628958e+05 7.493657348138410589e-36
1.316919841285689035e+05 7.685241658402879890e-36
1.347592065832166700e+05 7.876190958460749031e-36
1.378978673539361916e+05 8.070447653864650834e-36
1.411096303021130443e+05 8.270190738449707900e-36
1.443961980419318716e+05 8.475591908124291091e-36
1.477593128429635544e+05 8.686828632374594156e-36
1.512007575537729717e+05 8.904084357722403249e-36
1.547223565470413596e+05 9.127548718563334685e-36
1.583259766866983846e+05 9.357417755656207797e-36
1.620135283175813965e+05 9.571840927074346735e-36
1.657869662781428196e+05 9.783988757263937429e-36
1.696482909367477405e+05 1.000112590646871198e-35
1.735995492521043052e+05 1.021493769767584959e-35
1.776428358583941881e+05 1.043279738155869660e-35
1.817802941756770015e+05 1.065563983298518869e-35
1.860141175461547100e+05 1.088358534636764649e-35
1.903465503969046695e+05 1.111675724433433610e-35
1.947798894296899671e+05 1.135688911441084700e-35
1.993164848384837387e+05 1.160311826329627151e-35
2.039587415553482133e+05 1.185505104913196327e-35
2.087091205253355729e+05 1.211282685702342659e-35
2.135701400110782997e+05 1.237658862531107968e-35
2.185443769277665415e+05 1.264648293913667372e-35
2.236344682092182920e+05 1.292266012653425443e-35
2.288431122057644534e+05 1.320527435711440429e-35
2.341730701146963402e+05 1.348395846360389089e-35
2.396271674440248753e+05 1.376529258357292030e-35
2.452082955103349814e+05 1.405289083731050752e-35
2.509194129715232702e+05 1.434689871399048464e-35
2.567635473952397588e+05 1.464746518599612982e-35
2.627437968638545135e+05 1.495474279429376468e-35
2.688633316168083693e+05 1.526888773593688989e-35
2.751253957312152488e+05 1.559005995375794667e-35
2.815333088416045648e+05 1.588561291442236742e-35
2.880904678997231531e+05 1.617565053617786625e-35
2.948003489753194153e+05 1.647113460334896403e-35
3.016665090988726006e+05 1.676758905995768143e-35
3.086925881472369656e+05 1.705481826540499557e-35
3.158823107732106582e+05 1.734710924449358314e-35
3.232394883800398675e+05 1.764455271316199402e-35
3.307680211419137777e+05 1.794724103048569935e-35
3.384719000715189031e+05 1.829543682638840888e-35
3.463552091357449535e+05 1.866494176674123413e-35
3.544221274206743110e+05 1.904260551874974098e-35
3.626769313469892950e+05 1.942862000935995432e-35
3.711239969369815080e+05 1.982318189044160091e-35
3.797678021343617584e+05 2.022649265891703475e-35
3.886129291780968779e+05 2.063875878001265185e-35
3.976640670315428870e+05 2.106019181371655094e-35
4.069260138681468670e+05 2.142015777629944149e-35
4.164036796150481096e+05 2.176198244284576317e-35
4.261020885559166782e+05 2.210942073513511187e-35
4.360263819944228162e+05 2.246256597965466249e-35
4.461818209797330201e+05 2.282151306242664149e-35
4.565737890954884933e+05 2.318635845512599553e-35
4.672077953137425939e+05 2.355720024163454414e-35
4.780894769153633970e+05 2.393413814504238204e-35
4.892246024784650654e+05 2.431727355509967975e-35
5.006190749364325893e+05 2.470564758386930162e-35
5.122789347071765806e+05 2.508139304890256862e-35
5.242103628952649306e+05 2.546300216637768349e-35
5.364196845686453162e+05 2.585056757308307705e-35
5.489133721116754459e+05 2.624418337837630532e-35
5.616980486562527949e+05 2.664394518767506402e-35
5.747804915928589180e+05 2.704995012632159372e-35
5.881676361633737106e+05 2.746229686382911930e-35
6.018665791375804693e+05 2.788108563851726220e-35
6.158845825752881356e+05 2.830641828253823217e-35
6.302290776760835433e+05 2.873839824730729084e-35
6.449076687187470961e+05 2.917713062933671714e-35
6.599281370924145449e+05 2.962272219648409409e-35
6.752984454216412269e+05 3.007528141462025163e-35
6.910267417875294341e+05 3.053491847472356363e-35
7.071213640471783001e+05 3.100174532040769778e-35
7.235908442537274677e+05 3.147587567588949501e-35
7.404439131793637061e+05 3.195742507440328078e-35
7.576895049436563859e+05 3.244651088707234749e-35
7.753367617496988969e+05 3.294325235223851124e-35
7.933950387305594049e+05 3.344777060526333683e-35
8.118739089086006861e+05 3.396018870880554247e-35
8.307831682703243569e+05 3.448063168358103628e-35
8.501328409593955148e+05 3.500922653961887362e-35
8.699331845906273229e+05 3.554610230801233342e-35
8.901946956877234625e+05 3.605629719988179299e-35
9.109281152476873249e+05 3.656296700790501836e-35
9.321444344348134473e+05 3.707695107901796730e-35
9.538549004073066171e+05 3.759835627871630623e-35
9.760710222796072485e+05 3.812729104354908602e-35
9.988045772235754412e+05 3.866386540430727447e-35
1.022067616711796727e+06 3.916925621170588924e-35
1.045872472906279960e+06 3.967923480313460883e-35
1.070231765195965301e+06 4.019599448061853783e-35
1.095158406886484474e+06 4.071962621549304112e-35
1.120665612045752816e+06 4.125022220416391234e-35
1.146766902508978732e+06 4.178787588462940038e-35
1.173476115046838531e+06 4.233268195323375077e-35
1.200807408700603060e+06 4.288473638163849177e-35
1.228775272288094275e+06 4.344413643403034577e-35
1.257394532084487146e+06 4.401098068455634703e-35
1.286680359681978589e+06 4.458536903499688359e-35
1.316648280032531125e+06 4.516740273267648156e-35
1.347314179677922279e+06 4.575718438861710015e-35
1.378694315171506722e+06 4.635481799593437554e-35
1.410805321696101222e+06 4.696040894848769199e-35
1.443664221882601734e+06 4.757406405977343698e-35
1.477288434833993437e+06 4.819589158208351237e-35
1.511695785359523958e+06 4.882600122591236445e-35
1.546904513423977653e+06 4.946450417963606938e-35
1.582933283817001851e+06 5.011151312944730921e-35
1.619801196047656238e+06 5.076714227956833669e-35
1.657527794469414977e+06 5.143150737273075690e-35
1.696133078640970401e+06 5.210472571093492288e-35
1.735637513928386150e+06 5.276149554100479450e-35
1.776062042354146950e+06 5.342388568184887343e-35
1.817428093698914396e+06 5.409475982072771781e-35
1.859757596861830913e+06 5.477422778984016847e-35
1.903072991485450184e+06 5.546240085265846914e-35
1.947397239851388149e+06 5.611597417616008143e-35
1.992753839053051081e+06 5.676506528542847383e-35
2.039166833451877581e+06 5.742180992198446852e-35
2.086660827423677081e+06 5.808629901827377907e-35
2.135260998401884455e+06 5.875862459056430972e-35
2.184993110224558972e+06 5.943887975188606775e-35
2.235883526792275719e+06 6.012715872512103939e-35
2.287959226044091862e+06 6.082355685625398741e-35
2.341247814259071834e+06 6.152817062777872895e-35
2.395777540690861177e+06 6.224109767226749463e-35
2.451577312543137930e+06 6.296243678609773492e-35
2.508676710293853190e+06 6.369228794334785600e-35
2.567106003376361448e+06 6.443075230985564133e-35
2.626896166225831956e+06 6.517793225744824346e-35
2.688078894699342083e+06 6.593393137833516096e-35
2.750686622878432740e+06 6.669885449968402176e-35
2.814752540263015777e+06 6.747280769835898824e-35
2.880310609365709592e+06 6.825589831584545400e-35
2.947395583716020919e+06 6.904823497334279332e-35
3.016043026283804793e+06 6.985123309449346387e-35
3.086289328331853729e+06 7.066811375679186286e-35
3.158171728707546834e+06 7.149471430270384793e-35
3.231728333583880682e+06 7.233115120433996458e-35
3.306998136660220567e+06 7.317754233391293591e-35
3.384021039833581541e+06 7.403400698059840322e-35
3.462837874351357576e+06 7.490066586759651956e-35
3.543490422456683125e+06 7.577764116940161262e-35
3.626021439538007602e+06 7.666505652928041953e-35
3.710474676794476807e+06 7.756303707695861552e-35
3.796894904429258313e+06 7.847170944652047957e-35
3.885327935383012984e+06 7.939120179452837889e-35
3.975820649620217271e+06 8.032164381835686573e-35
4.068421018981057219e+06 8.126316677474738417e-35
4.163178132612186484e+06 8.221590349859124173e-35
4.260142222989784554e+06 8.308655390415781354e-35
4.359364692548679188e+06 8.394299567798510676e-35
4.460898140931762755e+06 8.480871025460217739e-35
4.564796392873994075e+06 8.568380157114147190e-35
4.671114526735886931e+06 8.656837476033083014e-35
4.779908903701520525e+06 8.746253616451781319e-35
4.891237197656683624e+06 8.836639334986164564e-35
5.005158425762824714e+06 8.928005512069429038e-35
5.121732979743128642e+06 9.020363153405221697e-35
5.241022657897287048e+06 9.113723391438148255e-35
5.363090697861862369e+06 9.208097486841744072e-35
5.488001810133773834e+06 9.303496830024262744e-35
5.615822212374475785e+06 9.399932942652308082e-35
5.746619664513170719e+06 9.497417479192657990e-35
5.880463504667534493e+06 9.595962228472459861e-35
6.017424685901192948e+06 9.695579115258017721e-35
6.157575813837186433e+06 9.796280201852389231e-35
6.300991185147551820e+06 9.898077689711976411e-35
6.447746826939353719e+06 1.000098392108273233e-34
6.597920537057993934e+06 1.010501138065495526e-34
6.751591925329344347e+06 1.021017269723911858e-34
6.908842455762322061e+06 1.031648064546065161e-34
7.069755489734455012e+06 1.042371779213824282e-34
7.234416330183289945e+06 1.053181363728306049e-34
7.402912266826976091e+06 1.064108197838936156e-34
7.575332622438226826e+06 1.075153594462767723e-34
7.751768800195896067e+06 1.086318881573482998e-34
7.932314332139498554e+06 1.097605402377112883e-34
8.117064928752192296e+06 1.109014515490028954e-34
8.306118529698748142e+06 1.120547595118874621e-34
8.499575355745088309e+06 1.132206031242768355e-34
8.697537961887162179e+06 1.143991229797535433e-34
8.900111291717240587e+06 1.155904612862209398e-34
9.107402733056357130e+06 1.167947618847732669e-34
9.319522174882663414e+06 1.179966324170001648e-34
9.536582065585508943e+06 1.192079752350995070e-34
9.758697472576418892e+06 1.204324152120522051e-34
9.985986143288362771e+06 1.216700991721358890e-34
1.021856856759592518e+07 1.228058550348206626e-34
1.045656804168911465e+07 1.239449714366976388e-34
1.070011073343494721e+07 1.250949485686374895e-34
1.094932574926135316e+07 1.262558918720589291e-34
1.120434520259876922e+07 1.274279078262775594e-34
1.146530428391600959e+07 1.286111039588334535e-34
1.173234133238711208e+07 1.298055888559294353e-34
1.200559790922748856e+07 1.310114721729734900e-34
1.228521887273812667e+07 1.322288646452213923e-34
1.257135245509752817e+07 1.334578780985320399e-34
1.286415034094243869e+07 1.346986254602318788e-34
1.316376774777854420e+07 1.359512207700808287e-34
1.347036350826415792e+07 1.372157791913559396e-34
1.378410015441020578e+07 1.384924170220461700e-34
1.410514400374156982e+07 1.397812517061530502e-34
1.443366524746494368e+07 1.410824018451112563e-34
1.476983804069032520e+07 1.423959872093242409e-34
1.511384059475384466e+07 1.437221287498128479e-34
1.546585527169073187e+07 1.450609486099781709e-34
1.582606868090894446e+07 1.464125701374933464e-34
1.619467177811409160e+07 1.477771178963024071e-34
1.657185996653861739e+07 1.491547176787478984e-34
1.695783320052848384e+07 1.505454965178212068e-34
1.735279609154281020e+07 1.519495826995277527e-34
1.775695801662202552e+07 1.533671057753849455e-34
1.817053322938248888e+07 1.547981965750454801e-34
1.859374097359628603e+07 1.562429872190401382e-34
1.902680559941618145e+07 1.577016111316563875e-34
1.946995668230799958e+07 1.591742030539470911e-34
1.992342914475257695e+07 1.606608990568605815e-34
2.038746338078256696e+07 1.621021334393090940e-34
2.086230538341953605e+07 1.635448289712877269e-34
2.134820687507958710e+07 1.650009603154307916e-34
2.184542544101586193e+07 1.664706567569115081e-34
2.235422466586922482e+07 1.679540488552593921e-34
2.287487427339933813e+07 1.694512684571405817e-34
2.340765026946996152e+07 1.709624487092841402e-34
2.395283508836498484e+07 1.724877240715094107e-34
2.451071774251181260e+07 1.740272303299206425e-34
2.508159397569222748e+07 1.755811046102098551e-34
2.566576641982136294e+07 1.771494853911037089e-34
2.626354475537870824e+07 1.787325125179519274e-34
2.687524587557519972e+07 1.803303272164458280e-34
2.750119405434412509e+07 1.819430721064812475e-34
2.814172111824473366e+07 1.835708912161570719e-34
2.879716662236930802e+07 1.852139299959256230e-34
2.946787803034787998e+07 1.868723353328782220e-34
3.015421089854480699e+07 1.885353709177349663e-34
3.085652906454574317e+07 1.901754668108848537e-34
3.157520484003466740e+07 1.918303674071975803e-34
3.231061920816284418e+07 1.935002099734177998e-34
3.306316202551531792e+07 1.951851330749849563e-34
3.383323222878076881e+07 1.968852765885182600e-34
3.462123804623527080e+07 1.986007817144067347e-34
3.542759721415125579e+07 2.003317909895302093e-34
3.625273719824758917e+07 2.020784483001124081e-34
3.709709542029663175e+07 2.038408988946724845e-34
3.796111949000962079e+07 2.056192893971382032e-34
3.884526744232280552e+07 2.074137678200598751e-34
3.975000798020982742e+07 2.092244835779523286e-34
4.067582072315017879e+07 2.110515875007942525e-34
4.162319646138394624e+07 2.128952318476220917e-34
4.259263741608885676e+07 2.147555703202851630e-34
4.358465750561652333e+07 2.166327580773152519e-34
4.459978261793046445e+07 2.184425164468627679e-34
4.563855088938859850e+07 2.202534893225131845e-34
4.670151299001920968e+07 2.220805208739358874e-34
4.778923241544131935e+07 2.239237601529070588e-34
4.890228578558356315e+07 2.257833576362774051e-34
5.004126315036156774e+07 2.276594652398707464e-34
5.120676830247377604e+07 2.295522363324874231e-34
5.239941909748309851e+07 2.314618257500563059e-34
5.361984778135351837e+07 2.333883898099445651e-34
5.486870132561479509e+07 2.353320863253792243e-34
5.614664177033452690e+07 2.372930746200227514e-34
5.745434657507726550e+07 2.392715155427060649e-34
5.879250897803841531e+07 2.412675714822819638e-34
6.016183836354199052e+07 2.432814063826450816e-34
6.156306063809890300e+07 2.453131857578904826e-34
6.299691861522277445e+07 2.473630767076141914e-34
6.446417240920909494e+07 2.494312479323939749e-34
6.596559983808579296e+07 2.515178697493769488e-34
6.750199683594827354e+07 2.536231141080691594e-34
6.907417787489935756e+07 2.557471546062370799e-34
7.068297639681532979e+07 2.578901665060081310e-34
7.232924525516901910e+07 2.600523267500932082e-34
7.401385716714227200e+07 2.622338139781830882e-34
7.573770517627027631e+07 2.644348085435188433e-34
7.750170312585961819e+07 2.666554925296131703e-34
7.930678614343345165e+07 2.688960497671225923e-34
8.115391113645979762e+07 2.711566658509225761e-34
8.304405729962508380e+07 2.734375281573144067e-34
8.497822663392406702e+07 2.757388258614266816e-34
8.695744447783818841e+07 2.780607499547770000e-34
8.898276005088660121e+07 2.804034932629985934e-34
9.105524700983586907e+07 2.827672504637757321e-34
9.317600401786610484e+07 2.851522181049036169e-34
9.534615532699160278e+07 2.875585946225793276e-34
9.756685137404766679e+07 2.899795977262479829e-34
9.983926939055825770e+07 2.924212708785240044e-34
1.021646140268071890e+08 1.045390646240420955e-34
1.045441179904464334e+08 1.051196516312465824e-34
1.069790426999761015e+08 1.057035079393257341e-34
1.094706789534457326e+08 1.062906520719621639e-34
