4.015428610695759744e+03 8.656991144843858429e-42 1.044975641989652893e+01
4.104457079819130740e+03 2.156697535762506827e-41 7.947499859111402998e+00
4.195459452374213470e+03 5.382214090839175565e-41 5.302909450613637610e+00
4.288479492954472335e+03 1.300407525437505343e-40 2.775654648156506976e+00
4.383561936484342368e+03 2.433481378761743794e-40 2.136457383470014015e+00
4.480752509733024453e+03 6.219808160546004697e-40 1.170572206364314471e+00
4.580097953305264127e+03 1.053508108867184577e-39 9.155319681402402932e-01
4.681646044119707767e+03 1.669371867309183164e-39 7.777529465136219233e-01
4.785445618385639136e+03 2.663892896263823594e-39 6.483866358048170353e-01
4.891546595089143921e+03 3.913729457434052479e-39 5.715391268543636993e-01
4.999999999999999091e+03 5.490111247525539839e-39 6.203273483329695415e-01
5.110857990210843127e+03 7.711597022847288716e-39 6.663821116674549794e-01
5.224173879220409617e+03 1.084919110812291845e-38 7.051498578070708456e-01
5.340002162572882298e+03 1.475432158274426125e-38 6.798162862536885065e-01
5.458398544065759779e+03 1.965193413829570896e-38 6.589689324681188287e-01
5.579419962538745494e+03 2.618683106872700637e-38 6.359717125917987435e-01
5.703124619256606820e+03 3.468555903964040827e-38 5.802245285609481940e-01
5.829572005899161013e+03 4.514011298151092766e-38 5.239071184375433399e-01
5.958822933171836667e+03 5.767313759832336264e-38 4.691289803495956590e-01
6.090939560050579530e+03 7.294515810121194632e-38 4.247417439843504949e-01
6.225985423675165293e+03 9.204190950239558156e-38 3.823779844437086850e-01
6.364025469905292084e+03 1.154107546771643808e-37 3.396518635525672680e-01
6.505126084554156478e+03 1.406648346652323066e-37 3.129050228360520935e-01
6.649355125314518773e+03 1.707784450470740758e-37 2.906046307722005562e-01
6.796781954392633452e+03 2.074272345021839168e-37 2.676868948448403729e-01
6.947477471865693587e+03 2.492319842631227662e-37 2.512682873348824342e-01
7.101514149778922729e+03 2.938014120648525311e-37 2.387408110704789255e-01
7.258966066998594215e+03 3.464789213272150354e-37 2.258980121245985906e-01
7.419908944837829949e+03 4.060063403864008645e-37 2.155299071789077425e-01
7.584420183472267126e+03 4.737812215583521809e-37 2.069335003468995848e-01
7.752578899163125243e+03 5.468622508076311387e-37 1.981084634315585513e-01
7.924465962305569519e+03 6.276687245311843118e-37 1.910226113729155684e-01
8.100164036320657033e+03 7.174913235175330931e-37 1.854809953815950430e-01
8.279757617409590239e+03 8.202621727613245489e-37 1.799698284971381068e-01
8.463333075189379088e+03 9.280310656734027742e-37 1.749740115648129313e-01
8.650978694229470420e+03 1.043450014638547906e-36 1.708230828563792880e-01
8.842784716509291684e+03 1.173389035543845827e-36 1.666683074220089711e-01
9.038843384817178958e+03 1.316058224939700373e-36 1.631187658707732857e-01
9.239248987111461247e+03 1.465308535102374983e-36 1.600416488884723321e-01
9.444097901865212407e+03 1.627247649758037094e-36 1.566815749570673877e-01
9.653488644416256648e+03 1.803687298452650698e-36 1.537229310514926783e-01
9.867521914344893958e+03 1.992217851186890898e-36 1.514955141129512017e-01
1.008630064390205189e+04 2.196844380757886561e-36 1.490747511829643712e-01
1.030993004751111584e+04 2.412600960870174469e-36 1.465998024801135891e-01
1.053851767236741034e+04 2.639973386615784966e-36 1.447575305580144078e-01
1.077217345015943101e+04 2.888945202362699371e-36 1.429216704532484949e-01
1.101100974993688942e+04 3.158467395247474483e-36 1.412620750498951305e-01
1.125514143215089098e+04 3.439838861445988605e-36 1.400664071770360009e-01
1.150468590389229939e+04 3.731109306375368734e-36 1.383075532953028652e-01
1.175976317535480484e+04 4.044472106916018536e-36 1.366664359327102729e-01
1.202049591754986977e+04 4.369175179093198758e-36 1.355975236142768214e-01
1.228700952130131554e+04 4.720129253099072368e-36 1.345298057629352451e-01
1.255943215754790981e+04 5.097786367245142713e-36 1.335109154948439514e-01
1.283789483898294930e+04 5.470229601137414118e-36 1.323124193492244693e-01
1.312253148306051298e+04 5.867597495312913023e-36 1.310445174710598015e-01
1.341347897639863550e+04 6.293321631144154120e-36 1.297957421104895259e-01
1.371087724061042718e+04 6.728936360297340596e-36 1.289493166732479656e-01
1.401486929959476038e+04 7.195000907341981906e-36 1.281032216773544674e-01
1.432560134831890718e+04 7.676986954528918333e-36 1.269208998237464081e-01
1.464322282312618518e+04 8.159704591239385382e-36 1.259315014691274048e-01
1.496788647360244977e+04 8.672965206272272831e-36 1.249493615499118332e-01
1.529974843603597765e+04 9.219129892746652409e-36 1.239681897639993563e-01
1.563896830850606784e+04 9.776509541825200860e-36 1.232668175223339685e-01
1.598570922763648014e+04 1.035511119988114709e-35 1.224269697976019255e-01
1.634013794705062537e+04 1.095098979831458298e-35 1.213374190056947938e-01
1.670242491756621894e+04 1.156144564659323995e-35 1.204637277301399134e-01
1.707274436916800187e+04 1.220309635466745469e-35 1.196276858687517208e-01
1.745127439479789609e+04 1.288114165780161354e-35 1.187941587935612692e-01
1.783819703600294451e+04 1.357144325375547713e-35 1.180882597583360061e-01
1.823369837048220870e+04 1.426841455617925277e-35 1.171552856216523109e-01
1.863796860157468836e+04 1.500218714620113589e-35 1.162272517537056432e-01
1.905120214973136535e+04 1.575062740834806656e-35 1.154670686675555030e-01
1.947359774601530808e+04 1.652803376227071790e-35 1.147699465727100715e-01
1.990535852767484539e+04 1.734464805738450507e-35 1.140763492407961821e-01
2.034669213583570672e+04 1.815730423080026760e-35 1.132693519564555162e-01
2.079781081535921112e+04 1.899589638427836682e-35 1.124949185451481620e-01
2.125893151691446838e+04 1.987433413934259781e-35 1.117260748225650524e-01
2.173027600131349027e+04 2.077258738123351241e-35 1.110557975479604526e-01
2.221207094615999813e+04 2.169760230491443961e-35 1.104496877090755669e-01
2.270454805486239275e+04 2.264742105323212283e-35 1.097103441948254210e-01
2.320794416806390655e+04 2.361196842027218731e-35 1.089713742471756369e-01
2.372250137754331445e+04 2.460319463071435297e-35 1.082965174153433519e-01
2.424846714264099865e+04 2.563754371938132028e-35 1.076256160408475965e-01
2.478609440926637399e+04 2.669826205281926370e-35 1.070256007051309521e-01
2.533564173154387390e+04 2.777400507170981430e-35 1.064300069550713490e-01
2.589737339615606106e+04 2.888016932142394335e-35 1.057273503636677880e-01
2.647155954944358746e+04 3.001764957451337448e-35 1.050649921637171746e-01
2.705847632732318380e+04 3.118046516101966909e-35 1.044558353535710166e-01
2.765840598808613140e+04 3.239167758782940191e-35 1.038452771602637603e-01
2.827163704814115044e+04 3.363656516644523646e-35 1.032461809832201788e-01
2.889846442076662061e+04 3.488608118633773393e-35 1.025797973929647167e-01
2.953918955793977511e+04 3.618777186972274671e-35 1.019082342177759365e-01
3.019412059530984334e+04 3.752749543453428646e-35 1.012653255395944557e-01
3.086357250038582060e+04 3.888163904565569838e-35 1.006973202476682816e-01
3.154786722400971121e+04 4.029309060055029594e-35 1.001168982131361990e-01
3.224733385518816431e+04 4.173514195513302052e-35 9.943292131699286995e-02
3.296230877935701574e+04 4.323526426549165803e-35 9.872628304333809501e-02
3.369313584015476954e+04 4.480101356721531045e-35 9.800605228844302963e-02
3.444016650478287193e+04 4.637217520031230837e-35 9.736752653241702304e-02
3.520376003303228208e+04 4.799740440483498887e-35 9.673158525048046463e-02
3.598428365005763771e+04 4.966551791539718709e-35 9.603608933741264453e-02
3.678211272298209951e+04 5.138984491631446320e-35 9.530210785366935444e-02
3.759763094141780311e+04 5.319192629969482510e-35 9.454892656710783827e-02
3.843123050198872079e+04 5.505221021936755654e-35 9.380478006832905502e-02
3.928331229694475041e+04 5.694344640223967419e-35 9.310135801451077664e-02
4.015428610695759562e+04 5.889850650342565042e-35 9.236175458595487220e-02
4.104457079819130013e+04 6.090100094916484718e-35 9.158857617778137783e-02
4.195459452374214015e+04 6.299620245674081498e-35 9.079390110583916706e-02
4.288479492954472516e+04 6.519097788897791117e-35 8.997597393201406391e-02
4.383561936484342732e+04 6.741558999647813953e-35 8.919870484545006084e-02
4.480752509733024635e+04 6.972033751487610974e-35 8.840738340473147661e-02
4.580097953305263945e+04 7.205280911879386776e-35 8.760364215583028857e-02
4.681646044119707949e+04 7.449463850396963358e-35 8.677891506266438570e-02
4.785445618385639682e+04 7.705370559122739557e-35 8.593210540649047491e-02
4.891546595089143375e+04 7.970793024162905079e-35 8.508216566624951516e-02
4.999999999999999272e+04 8.243235813262111121e-35 8.424592119932598766e-02
5.110857990210843127e+04 8.517672731818379832e-35 8.341874351711721369e-02
5.224173879220404342e+04 8.803556856146510920e-35 8.257779782476870611e-02
5.340002162572876841e+04 9.103103840111422203e-35 8.171871295266992796e-02
5.458398544065754686e+04 9.417263754767956046e-35 8.084113059236526511e-02
5.579419962538739492e+04 9.739042428418483745e-35 7.998275824591993821e-02
5.703124619256600272e+04 1.006474606733887670e-34 7.914567065943590995e-02
5.829572005899154465e+04 1.039959991109942273e-34 7.831417107846649905e-02
5.958822933171829936e+04 1.075015835757051224e-34 7.746998293501849986e-02
6.090939560050573346e+04 1.111743973134058821e-34 7.661326041241682538e-02
6.225985423675158381e+04 1.149902356910150576e-34 7.575601847077650941e-02
6.364025469905285718e+04 1.188467641253777442e-34 7.493073440125801177e-02
6.505126084554163390e+04 1.227535233145490233e-34 7.413327791043962389e-02
6.649355125314525503e+04 1.268379449199940522e-34 7.332876856448601599e-02
6.796781954392633634e+04 1.311107058661637791e-34 7.251765714059456303e-02
6.947477471865693224e+04 1.355832299999358390e-34 7.170047072825457002e-02
7.101514149778922729e+04 1.401456118976279168e-34 7.090650176890736511e-02
7.258966066998594033e+04 1.446838548779162710e-34 7.016486710088036538e-02
7.419908944837830495e+04 1.494204205587738742e-34 6.942130750971456377e-02
7.584420183472266945e+04 1.543663206139060565e-34 6.867638235971632032e-02
7.752578899163125607e+04 1.595332624617574516e-34 6.793070285239782846e-02
7.924465962305568974e+04 1.648936630976422100e-34 6.719080695021636962e-02
8.100164036320656305e+04 1.701572000563708048e-34 6.651393982601862265e-02
8.279757617409589875e+04 1.756078558869043439e-34 6.584548511957273587e-02
8.463333075189379451e+04 1.812879719607507655e-34 6.517961763319157775e-02
8.650978694229488610e+04 1.872093840046992193e-34 6.451691062775018193e-02
8.842784716509310238e+04 1.933846080527129398e-34 6.385796701990933966e-02
9.038843384817188780e+04 1.994951931141286901e-34 6.325264324111294634e-02
9.239248987111471070e+04 2.057103986072889129e-34 6.267311138964493100e-02
9.444097901865221502e+04 2.121737535249473164e-34 6.209870713971713668e-02
9.653488644416266470e+04 2.188970823039718338e-34 6.152989635510704158e-02
9.867521914344903780e+04 2.258928287467867313e-34 6.096715818240691642e-02
1.008630064390205080e+05 2.329593602845757147e-34 6.043372182148495225e-02
1.030993004751111584e+05 2.399593325586237483e-34 5.994184612322807360e-02
1.053851767236740998e+05 2.472235531209339606e-34 5.945627897423672037e-02
1.077217345015943138e+05 2.547636910312623900e-34 5.897737742068080713e-02
1.101100974993688869e+05 2.625919756027659424e-34 5.850550233646277520e-02
1.125514143215089134e+05 2.706599545633770687e-34 5.804662178388166754e-02
1.150468590389229939e+05 2.786482864217584050e-34 5.762916255346432759e-02
1.175976317535480484e+05 2.869223616213022266e-34 5.721926171537921463e-02
1.202049591754987050e+05 2.954938304732225416e-34 5.681712448297738388e-02
1.228700952130131627e+05 3.043748545540220270e-34 5.642295380831244267e-02
1.255943215754790872e+05 3.135781299829144199e-34 5.603694974631805159e-02
1.283789483898295002e+05 3.224725380518149882e-34 5.568735907216789544e-02
1.312253148306051153e+05 3.315886066381489366e-34 5.534838663433151035e-02
1.341347897639863368e+05 3.410131380241740075e-34 5.501669451449466702e-02
1.371087724061042536e+05 3.507578832819840987e-34 5.469242384544129032e-02
1.401486929959476111e+05 3.608350714538024902e-34 5.437571148748047284e-02
1.432560134831890755e+05 3.709162135246563994e-34 5.408349336565808352e-02
1.464322282312618336e+05 3.811302349162533939e-34 5.380776992399675246e-02
1.496788647360244941e+05 3.916714062976035269e-34 5.353906664472909971e-02
1.529974843603597838e+05 4.025513038123814629e-34 5.327742933274257076e-02
1.563896830850606784e+05 4.137819376470315916e-34 5.302289972375212601e-02
1.598570922763647977e+05 4.250637426660906929e-34 5.278808894589360340e-02
1.634013794705062464e+05 4.362019230441710485e-34 5.257907111456446014e-02
1.670242491756622039e+05 4.476763230913628619e-34 5.237596164822002492e-02
1.707274436916800041e+05 4.594980698664503089e-34 5.217876950349767395e-02
1.745127439479789464e+05 4.716786788253169940e-34 5.198750051304640990e-02
1.783819703600294597e+05 4.841445264154339181e-34 5.180453253841534045e-02
1.823369837048220797e+05 4.964519963191602711e-34 5.164146230590931086e-02
1.863796860157468764e+05 5.091118399022731690e-34 5.148359697886197017e-02
1.905120214973136317e+05 5.221349579895128566e-34 5.133090477914658417e-02
1.947359774601530808e+05 5.355326048238133607e-34 5.118335208545422843e-02
1.990535852767488395e+05 5.493163998393040119e-34 5.104090345172209581e-02
2.034669213583574747e+05 5.626527997570631846e-34 5.091624576363895649e-02
2.079781081535925332e+05 5.762469577698920327e-34 5.079741214419919437e-02
2.125893151691446838e+05 5.902089713051476925e-34 5.068278549260100269e-02
2.173027600131348881e+05 6.045495481257589863e-34 5.057233260617333137e-02
2.221207094615999958e+05 6.192797216219533786e-34 5.046601905804491001e-02
2.270454805486239493e+05 6.339696399911746018e-34 5.037039664107101355e-02
2.320794416806390800e+05 6.487917420751212058e-34 5.028210147102177979e-02
2.372250137754331517e+05 6.639950806564442734e-34 5.019732334804888341e-02
2.424846714264100010e+05 6.795900842846306425e-34 5.011601666138661149e-02
2.478609440926637326e+05 6.955874779558193021e-34 5.003813543560733934e-02
2.533564173154387390e+05 7.116254057504871625e-34 4.996393668792622339e-02
2.589737339615605888e+05 7.274752887617961690e-34 4.989329844532872094e-02
2.647155954944363912e+05 7.437112051703365912e-34 4.982560185791923973e-02
2.705847632732323837e+05 7.603431142306479638e-34 4.976080839959323709e-02
2.765840598808618961e+05 7.773812415673033410e-34 4.969887934384894373e-02
2.827163704814115190e+05 7.947308408059037607e-34 4.964067556761402739e-02
2.889846442076662206e+05 8.118487236769744981e-34 4.959050054784603506e-02
2.953918955793977366e+05 8.293641467254890824e-34 4.954272369278942684e-02
3.019412059530984261e+05 8.472867995618217193e-34 4.949730507307045085e-02
3.086357250038582133e+05 8.656266154745139207e-34 4.945420495896689361e-02
3.154786722400970757e+05 8.843937776835249403e-34 4.941338383466473833e-02
3.224733385518816067e+05 9.027030024198881155e-34 4.938573785413113981e-02
3.296230877935701283e+05 9.213077312075089610e-34 4.936125222964971027e-02
3.369313584015477099e+05 9.403234072166242743e-34 4.933854467092672197e-02
3.444016650478286901e+05 9.597595200942173314e-34 4.931758059959063384e-02
3.520376003303228063e+05 9.796257850611936872e-34 4.929832579325753306e-02
3.598428365005764063e+05 9.994147701111854698e-34 4.928323418575149967e-02
3.678211272298209951e+05 1.019333683076095323e-33 4.927101769979532614e-02
3.759763094141780166e+05 1.039673424341612475e-33 4.926022234927468491e-02
3.843123050198872224e+05 1.060443219780156493e-33 4.925081630395881233e-02
3.928331229694475187e+05 1.081652502576365934e-33 4.924276819023532675e-02
4.015428610695759999e+05 1.102866257432311269e-33 4.923862284897536495e-02
4.104457079819130013e+05 1.123816226090537339e-33 4.923961982812880001e-02
4.195459452374213724e+05 1.145187064699709952e-33 4.924166892503972076e-02
4.288479492954472080e+05 1.166987535592776704e-33 4.924474488325823046e-02
4.383561936484342441e+05 1.189226587938478957e-33 4.924882285103510809e-02
4.480752509733024053e+05 1.211793924314461513e-33 4.925424576740963789e-02
4.580097953305263654e+05 1.234074788342564341e-33 4.926279067026011205e-02
4.681646044119707658e+05 1.256785097416206414e-33 4.927216992580893407e-02
4.785445618385639391e+05 1.279933376623369674e-33 4.928236110435581935e-02
4.891546595089143375e+05 1.303528323709724263e-33 4.929334217926609890e-02
4.999999999999999418e+05 1.327578812625488217e-33 4.930509152428608904e-02
5.110857990210843273e+05 1.351069577143535648e-33 4.931030426640722192e-02
5.224173879220404197e+05 1.374868459327395721e-33 4.931536372395661783e-02
5.340002162572887028e+05 1.399105458925988477e-33 4.932113608697141771e-02
5.458398544065766037e+05 1.423788867843615086e-33 4.932760444189907001e-02
5.579419962538750842e+05 1.448927137911105557e-33 4.933475216113202000e-02
5.703124619256611913e+05 1.473958513958032656e-33 4.934370373632615547e-02
5.829572005899166688e+05 1.499115446520640520e-33 4.935388533345932971e-02
5.958822933171842014e+05 1.524718000677333736e-33 4.936463366242905410e-02
6.090939560050586006e+05 1.550774250670953764e-33 4.937593395807545610e-02
6.225985423675171332e+05 1.577292419322237020e-33 4.938777172278130401e-02
6.364025469905298669e+05 1.603809625270269687e-33 4.940305485404330316e-02
6.505126084554162808e+05 1.630045059927197559e-33 4.942331190263708762e-02
6.649355125314525794e+05 1.656725053765648875e-33 4.944396447425782742e-02
6.796781954392633634e+05 1.683857304018247025e-33 4.946500046385578914e-02
6.947477471865693806e+05 1.711449643176958220e-33 4.948640799577581906e-02
7.101514149778921856e+05 1.739381068809158117e-33 4.950836456965258814e-02
7.258966066998594906e+05 1.766989871527396651e-33 4.953180502682559549e-02
7.419908944837829331e+05 1.795050140705883226e-33 4.955556730037827956e-02
7.584420183472266654e+05 1.823569388477824584e-33 4.957964084569431440e-02
7.752578899163125316e+05 1.852555253456858468e-33 4.960401532053037438e-02
7.924465962305569556e+05 1.882015502885509309e-33 4.962868058241483304e-02
8.100164036320656305e+05 1.910867138886327493e-33 4.965698180847662874e-02
8.279757617409589002e+05 1.940039292758121855e-33 4.968592971674973963e-02
8.463333075189379742e+05 1.969669314628121881e-33 4.971510692143889937e-02
8.650978694229470566e+05 1.999764508287122834e-33 4.974450485703368896e-02
8.842784716509293066e+05 2.030332295323742165e-33 4.977411512250340397e-02
9.038843384817169281e+05 2.060776865625645154e-33 4.980466535050717680e-02
9.239248987111471361e+05 2.091347401978995554e-33 4.983583127756672365e-02
9.444097901865221793e+05 2.122382209867961327e-33 4.986719662226609534e-02
9.653488644416265888e+05 2.153888431677580141e-33 4.989875392555666311e-02
9.867521914344904944e+05 2.185873320605842838e-33 4.993049586938357737e-02
1.008630064390205080e+06 2.217318510148817804e-33 4.996201709265259139e-02
1.030993004751111497e+06 2.247611103892918819e-33 4.999309454668499075e-02
1.053851767236741027e+06 2.278325557847774702e-33 5.002434201668259223e-02
1.077217345015943283e+06 2.309467802816266270e-33 5.005575402895547088e-02
1.101100974993688986e+06 2.341043853455509853e-33 5.008732520525108894e-02
1.125514143215089105e+06 2.373059809467311314e-33 5.011905026146657588e-02
1.150468590389230056e+06 2.405521856805588578e-33 5.015092400636891184e-02
1.175976317535480484e+06 2.438436268900964168e-33 5.018294134032334763e-02
1.202049591754986905e+06 2.471809407902798711e-33 5.021509725403076191e-02
1.228700952130131656e+06 2.505647725938968179e-33 5.024738682727368511e-02
1.255943215754790930e+06 2.539957766393526840e-33 5.027980522767159371e-02
1.283789483898294857e+06 2.574746165202619599e-33 5.031234770944573859e-02
1.312253148306051269e+06 2.610019652168802450e-33 5.034500961219341014e-02
1.341347897639863426e+06 2.645785052294164830e-33 5.037778635967225804e-02
1.371087724061042536e+06 2.682049287132379082e-33 5.041067345859455429e-02
1.401486929959475994e+06 2.718819376160054027e-33 5.044366649743180914e-02
1.432560134831890697e+06 2.756102438167589723e-33 5.047676114522967050e-02
1.464322282312618569e+06 2.793905692669915534e-33 5.050995315043348144e-02
1.496788647360244999e+06 2.832236461337282231e-33 5.054323833972465541e-02
1.529974843603597721e+06 2.871102169446412268e-33 5.057661261686760557e-02
1.563896830850606784e+06 2.910510347352448865e-33 5.061007196156801224e-02
1.598570922763647977e+06 2.948682542351868294e-33 5.064537935927152651e-02
1.634013794705065899e+06 2.984556964828612362e-33 5.068354663793971787e-02
1.670242491756625473e+06 3.020873664613454408e-33 5.072184751317088819e-02
1.707274436916803708e+06 3.057638123480443027e-33 5.076027911316073615e-02
1.745127439479792956e+06 3.094855891311950104e-33 5.079883861125648187e-02
1.783819703600298148e+06 3.132532586946130000e-33 5.083752322535736723e-02
1.823369837048224639e+06 3.170673899034942206e-33 5.087633021732061028e-02
1.863796860157472547e+06 3.209285586912479821e-33 5.091525689237278579e-02
1.905120214973140275e+06 3.248373481474685981e-33 5.095430059852650712e-02
1.947359774601534940e+06 3.287943486069406918e-33 5.099345872600273555e-02
1.990535852767488454e+06 3.328001577398035146e-33 5.103272870665859912e-02
2.034669213583574863e+06 3.368553806428182410e-33 5.107210801342042944e-02
2.079781081535925390e+06 3.409606299317571907e-33 5.111159415972285625e-02
2.125893151691447012e+06 3.451165258349767654e-33 5.115118469895280073e-02
2.173027600131349172e+06 3.493236962881185398e-33 5.119087722389975559e-02
2.221207094616000075e+06 3.535827770300280733e-33 5.123066936621090139e-02
2.270454805486239493e+06 3.578944116998299296e-33 5.127055879585237785e-02
2.320794416806390509e+06 3.622592519352369062e-33 5.131054322057589795e-02
2.372250137754331343e+06 3.666779574720926528e-33 5.135062038539085078e-02
2.424846714264099952e+06 3.711511962451076516e-33 5.139078807204228161e-02
2.478609440926637035e+06 3.756796444899124730e-33 5.143104409849395126e-02
2.533564173154387157e+06 3.800873959208381451e-33 5.147092363056879338e-02
2.589737339615605772e+06 3.842702356943657379e-33 5.151022803278208079e-02
2.647155954944358673e+06 3.884996310283549401e-33 5.154969847779065223e-02
2.705847632732318249e+06 3.927761024781581148e-33 5.158933360416310954e-02
2.765840598808613140e+06 3.971001764324281033e-33 5.162913207105131880e-02
2.827163704814109020e+06 4.014723851785579055e-33 5.166909255792914712e-02
2.889846442076662090e+06 4.058932669688791690e-33 5.170921376433330191e-02
2.953918955793977249e+06 4.103633660876084702e-33 5.174949440960661257e-02
3.019412059530984145e+06 4.148832329185133356e-33 5.178993323264432375e-02
3.086357250038582366e+06 4.194534240133656709e-33 5.183052899164228983e-02
3.154786722400970757e+06 4.240745021611748696e-33 5.187128046384791719e-02
3.224733385518816300e+06 4.287470364581574906e-33 5.191218644531381265e-02
3.296230877935701516e+06 4.334716023785275321e-33 5.195324575065354139e-02
3.369313584015476983e+06 4.382487818460679556e-33 5.199445721279997989e-02
3.444016650478287134e+06 4.430791633065252679e-33 5.203581968276613234e-02
3.520376003303227946e+06 4.479633418007739275e-33 5.207733202940848655e-02
3.598428365005763713e+06 4.529019190388476680e-33 5.211899313919288179e-02
3.678211272298210301e+06 4.578955034747953838e-33 5.216080191596232651e-02
3.759763094141780399e+06 4.629447103823429685e-33 5.220275728070800786e-02
3.843123050198872574e+06 4.680501619314435537e-33 5.224485817134216781e-02
3.928331229694475420e+06 4.732124872656846754e-33 5.228710354247326914e-02
4.015428610695759766e+06 4.782476639937954803e-33 5.233255369661027334e-02
4.104457079819130246e+06 4.830475308305604467e-33 5.238297456228947074e-02
4.195459452374213375e+06 4.878961703947794028e-33 5.243364839892539209e-02
4.288479492954472080e+06 4.927940816133089287e-33 5.248457468364874090e-02
4.383561936484342441e+06 4.977417685411980803e-33 5.253575290237016276e-02
4.480752509733024053e+06 5.027397404146281861e-33 5.258718254966284616e-02
4.580097953305264004e+06 5.077885117043874373e-33 5.263886312864568540e-02
4.681646044119708240e+06 5.128886021699038746e-33 5.269079415086773410e-02
4.785445618385639973e+06 5.180405369138347907e-33 5.274297513619378291e-02
4.891546595089144073e+06 5.232448464372305410e-33 5.279540561269122079e-02
5.000000000000009313e+06 5.285020666952624315e-33 5.284808511651782614e-02
5.110857990210853517e+06 5.338127391535256329e-33 5.290101319181057804e-02
5.224173879220414907e+06 5.391774108449383292e-33 5.295418939057598695e-02
5.340002162572887726e+06 5.445966344272174663e-33 5.300761327258123046e-02
5.458398544065765105e+06 5.500709682409586732e-33 5.306128440524635753e-02
5.579419962538750842e+06 5.556009763683081085e-33 5.311520236353774183e-02
5.703124619256611913e+06 5.611872286922645495e-33 5.316936672986283252e-02
5.829572005899166688e+06 5.668303009565628692e-33 5.322377709396527296e-02
5.958822933171842247e+06 5.725307748262132777e-33 5.327843305282206621e-02
6.090939560050585307e+06 5.782892379486391253e-33 5.333333421054100437e-02
6.225985423675171100e+06 5.841062840154719075e-33 5.338848017825980480e-02
6.364025469905299135e+06 5.898039235264424548e-33 5.344460453980173775e-02
6.505126084554163739e+06 5.952781857324909799e-33 5.350217080141448506e-02
6.649355125314525329e+06 6.008040977761495116e-33 5.356006599109629229e-02
6.796781954392633401e+06 6.063821527317368828e-33 5.361829015640830198e-02
6.947477471865693107e+06 6.120128484290944810e-33 5.367684334647231104e-02
7.101514149778922088e+06 6.176966874999417900e-33 5.373572561190973623e-02
7.258966066998594441e+06 6.234341774246192044e-33 5.379493700478193280e-02
7.419908944837830029e+06 6.292258305793137722e-33 5.385447757853204648e-02
7.584420183472266421e+06 6.350721642837911974e-33 5.391434738792598436e-02
7.752578899163126014e+06 6.409737008495151839e-33 5.397454648899589758e-02
7.924465962305570021e+06 6.469309676283273673e-33 5.403507493898247055e-02
8.100164036320656538e+06 6.529444970615317624e-33 5.409593279628032575e-02
8.279757617409589700e+06 6.590148267295244026e-33 5.415712012038133294e-02
8.463333075189379975e+06 6.651424994018480226e-33 5.421863697182145725e-02
8.650978694229470566e+06 6.713280630878097230e-33 5.428048341212597661e-02
8.842784716509310529e+06 6.775720710875451619e-33 5.434265950375697513e-02
9.038843384817188606e+06 6.838750820435729280e-33 5.440516531006085732e-02
9.239248987111471593e+06 6.902376599929465177e-33 5.446800089521670191e-02
9.444097901865221560e+06 6.966603744197833212e-33 5.453116632418529564e-02
9.653488644416267052e+06 7.031438003084553949e-33 5.459466166265888182e-02
9.867521914344904944e+06 7.096885181971650425e-33 5.465848697701169989e-02
1.008630064390205219e+07 7.161129710767236918e-33 5.472256755945924256e-02
1.030993004751111567e+07 7.223115556501494349e-33 5.478690052379553421e-02
1.053851767236740887e+07 7.285649985892777456e-33 5.485161896935503850e-02
1.077217345015943237e+07 7.348737944216774879e-33 5.491672325919104425e-02
1.101100974993688986e+07 7.412384422096775499e-33 5.498221375323157634e-02
1.125514143215089105e+07 7.476594455926399401e-33 5.504809080824176609e-02
1.150468590389229916e+07 7.541373128296157786e-33 5.511435477778628411e-02
1.175976317535480484e+07 7.606725568424278345e-33 5.518100601219341067e-02
1.202049591754986905e+07 7.672656952591445797e-33 5.524804485851894653e-02
1.228700952130131610e+07 7.739172504579672417e-33 5.531547166051128950e-02
1.255943215754790977e+07 7.806277496115414886e-33 5.538328675857732974e-02
1.283789483898294903e+07 7.873977247316795137e-33 5.545149048974876843e-02
1.312253148306051269e+07 7.942277127145172894e-33 5.552008318764948408e-02
1.341347897639863566e+07 8.011182553860816726e-33 5.558906518246314876e-02
1.371087724061042629e+07 8.080698995483059538e-33 5.565843680090209328e-02
1.401486929959475994e+07 8.150831970254727751e-33 5.572819836617633193e-02
1.432560134831890650e+07 8.221587047111064477e-33 5.579835019796403756e-02
1.464322282312618382e+07 8.292969846152927763e-33 5.586889261238171811e-02
1.496788647360244952e+07 8.364986039124626522e-33 5.593982592195596848e-02
1.529974843603597768e+07 8.437641349896283321e-33 5.601115043559554141e-02
1.563896830850609951e+07 8.510941554950713068e-33 5.608286645856434133e-02
1.598570922763651237e+07 8.583096561535078390e-33 5.615954443937770657e-02
1.634013794705065712e+07 8.653070279151841821e-33 5.624380432197007701e-02
1.670242491756625287e+07 8.723631783462421661e-33 5.632859829743938618e-02
1.707274436916803569e+07 8.794786145720949062e-33 5.641392695122077194e-02
1.745127439479792863e+07 8.866538482043275701e-33 5.649979085874831664e-02
1.783819703600298241e+07 8.938893953812567577e-33 5.658619058544452074e-02
1.823369837048224732e+07 9.011857768089581665e-33 5.667312668670760473e-02
1.863796860157472640e+07 9.085435178026329495e-33 5.676059970790331421e-02
1.905120214973140135e+07 9.159631483283234402e-33 5.684861018435673902e-02
1.947359774601534754e+07 9.234452030451127627e-33 5.693715864134466648e-02
1.990535852767488360e+07 9.309902213475825337e-33 5.702624559409100180e-02
2.034669213583574817e+07 9.385987474088130190e-33 5.711587154776170266e-02
2.079781081535925344e+07 9.462713302236194864e-33 5.720603699746262816e-02
2.125893151691446826e+07 9.540085236523348455e-33 5.729674242823672159e-02
2.173027600131348893e+07 9.618108864649174327e-33 5.738798831506437131e-02
2.221207094615999982e+07 9.696789823854457954e-33 5.747977512286432666e-02
2.270454805486239493e+07 9.776133801371393740e-33 5.757210330649500940e-02
2.320794416806390882e+07 9.856146534876316631e-33 5.766497331075847582e-02
2.372250137754331529e+07 9.936833812948349570e-33 5.775838557040391397e-02
2.424846714264100045e+07 1.001820147553072217e-32 5.785234051013456863e-02
2.478609440926637128e+07 1.010025541439772743e-32 5.794683854461286227e-02
2.533564173154387251e+07 1.018123041645999001e-32 5.803995304818614087e-02
2.589737339615606144e+07 1.026010677613132412e-32 5.813062367639764555e-02
2.647155954944358766e+07 1.033961863191358575e-32 5.822184133430050035e-02
2.705847632732323930e+07 1.041977129179105071e-32 5.831360648302319483e-02
2.765840598808619007e+07 1.050057010957202144e-32 5.840591957127350825e-02
2.827163704814114794e+07 1.058202048529647904e-32 5.849878103534204843e-02
2.889846442076662183e+07 1.066412786564700986e-32 5.859219129910781670e-02
2.953918955793977529e+07 1.074689774436352012e-32 5.868615077404514685e-02
3.019412059530984238e+07 1.083033566266179032e-32 5.878065985923255216e-02
3.086357250038582087e+07 1.091444720965605977e-32 5.887571894136105904e-02
3.154786722400971130e+07 1.099923802278473811e-32 5.897132839474676647e-02
3.224733385518816486e+07 1.108471378824086521e-32 5.906748858134230201e-02
3.296230877935701609e+07 1.117088024140598012e-32 5.916419985075065807e-02
3.369313584015476704e+07 1.125774316728821148e-32 5.926146254024042964e-02
3.444016650478287041e+07 1.134530840096396303e-32 5.935927697476181542e-02
3.520376003303228319e+07 1.143358182802443239e-32 5.945764346696368052e-02
3.598428365005763620e+07 1.152256938502502694e-32 5.955656231721349197e-02
3.678211272298210114e+07 1.161227705993991414e-32 5.965603381361642837e-02
3.759763094141779840e+07 1.170271089262036100e-32 5.975605823203720968e-02
3.843123050198872387e+07 1.179387697525708190e-32 5.985663583612222532e-02
3.928331229694475234e+07 1.188578145284685728e-32 5.995776687732320975e-02
4.015428610695759952e+07 1.197659302275010344e-32 6.006098862423876750e-02
4.104457079819130152e+07 1.206525684945414762e-32 6.016719362920428665e-02
4.195459452374213934e+07 1.215460971937666066e-32 6.027401640739615818e-02
4.288479492954472452e+07 1.224465723229789663e-32 6.038145727248157846e-02
4.383561936484342813e+07 1.233540503534830216e-32 6.048951652233417603e-02
4.480752509733024240e+07 1.242685882342239494e-32 6.059819443907221020e-02
4.580097953305263817e+07 1.251902433959635881e-32 6.070749128909825459e-02
4.681646044119708240e+07 1.261190737554934880e-32 6.081740732314051823e-02
4.785445618385649472e+07 1.270551377198874832e-32 6.092794277629587363e-02
4.891546595089153945e+07 1.279984941907892264e-32 6.103909786807381471e-02
5.000000000000009686e+07 1.289492025687425300e-32 6.115087280244232981e-02
5.110857990210853517e+07 1.299073227575531534e-32 6.126326776787604372e-02
5.224173879220414907e+07 1.308729151687018264e-32 6.137628293740359647e-02
5.340002162572887540e+07 1.318460407257848322e-32 6.148991846865854011e-02
5.458398544065765291e+07 1.328267608690021585e-32 6.160417450393107508e-02
5.579419962538751215e+07 1.338151375596811736e-32 6.171905117022030013e-02
5.703124619256612659e+07 1.348112332848447501e-32 6.183454857928880055e-02
5.829572005899166316e+07 1.358151110618182246e-32 6.195066682771820099e-02
5.958822933171842247e+07 1.368268344428785893e-32 6.206740599696584926e-02
6.090939560050585866e+07 1.378464675199451190e-32 6.218476615342276997e-02
6.225985423675171286e+07 1.388740749293134616e-32 6.230274734847346396e-02
6.364025469905298948e+07 1.398916570196143560e-32 6.242283869404993690e-02
6.505126084554163367e+07 1.408888737012149242e-32 6.254590003680851606e-02
6.649355125314525515e+07 1.418936294983362129e-32 6.266963753208305843e-02
6.796781954392634332e+07 1.429059845319850796e-32 6.279405117611032427e-02
6.947477471865692735e+07 1.439259994248163177e-32 6.291914094675153668e-02
7.101514149778921902e+07 1.449537353054844549e-32 6.304490680357510701e-02
7.258966066998594999e+07 1.459892538130068820e-32 6.317134868794105351e-02
7.419908944837829471e+07 1.470326171011848397e-32 6.329846652308711297e-02
7.584420183472266793e+07 1.480838878430638456e-32 6.342626021421592097e-02
7.752578899163125455e+07 1.491431292354159596e-32 6.355472964858452367e-02
7.924465962305569649e+07 1.502104050032840426e-32 6.368387469559237679e-02
8.100164036320656538e+07 1.512857794045492774e-32 6.381369520687522889e-02
8.279757617409606278e+07 1.523693172345487207e-32 6.394419101639682579e-02
8.463333075189396739e+07 1.534610838307336084e-32 6.407536194054103129e-02
8.650978694229488075e+07 1.545611450773633763e-32 6.420720777821013747e-02
8.842784716509310901e+07 1.556695674102428705e-32 6.433972831091838707e-02
9.038843384817188978e+07 1.567864178215122976e-32 6.447292330289003393e-02
9.239248987111471593e+07 1.579117638644594529e-32 6.460679250115870798e-02
9.444097901865221560e+07 1.590456736583982372e-32 6.474133563566533689e-02
9.653488644416266680e+07 1.601882158935654288e-32 6.487655241935985639e-02
9.867521914344903827e+07 1.613394598360902841e-32 6.501244254830215730e-02
