4.015428610695759744e+03 4.204252152990220058e-40 3.944609325226106744e+00
4.104457079819130740e+03 7.717368176417508125e-40 3.182184318710653326e+00
4.195459452374213470e+03 1.421515606818540055e-39 2.441161806286098912e+00
4.288479492954472335e+03 2.576958841400513342e-39 1.774093321262247391e+00
4.383561936484342368e+03 4.051778086970438099e-39 1.476251775442298797e+00
4.480752509733024453e+03 6.019027302459194968e-39 1.263223454963821490e+00
4.580097953305264127e+03 8.923532336689585911e-39 1.056608995662207118e+00
4.681646044119707767e+03 1.235876577763508689e-38 1.213059029354616403e+00
4.785445618385639136e+03 1.725152741731485797e-38 1.348364513969293021e+00
4.891546595089143921e+03 2.345673445300947694e-38 1.498294822887296318e+00
4.999999999999999091e+03 3.213071215485508449e-38 1.431926612511549068e+00
5.110857990210843127e+03 4.402690285158471610e-38 1.362665007265732253e+00
5.224173879220409617e+03 6.033777236347911014e-38 1.293219784979518838e+00
5.340002162572882298e+03 8.069568871292961951e-38 1.141719983718370468e+00
5.458398544065759779e+03 1.070716340352406018e-37 9.807380459490114832e-01
5.579419962538745494e+03 1.423043589241773853e-37 8.071144641421492683e-01
5.703124619256606820e+03 1.845211660901621901e-37 6.915327678648779397e-01
5.829572005899161013e+03 2.367049562083314172e-37 5.889739269013736234e-01
5.958822933171836667e+03 3.014601725382242270e-37 4.871892897404218603e-01
6.090939560050579530e+03 3.747014265456112306e-37 4.253089733842222442e-01
6.225985423675165293e+03 4.628616265928942296e-37 3.738143583590732844e-01
6.364025469905292084e+03 5.702216384659908403e-37 3.228532183530494759e-01
6.505126084554156478e+03 6.849854513405410117e-37 2.916786441405897490e-01
6.649355125314518773e+03 8.174957118893296168e-37 2.669627352891884020e-01
6.796781954392633452e+03 9.757111868727812848e-37 2.421450750138842423e-01
6.947477471865693587e+03 1.150241010231350429e-36 2.220592588341820661e-01
7.101514149778922729e+03 1.340330685411612717e-36 2.049753290870510170e-01
7.258966066998594215e+03 1.561990981036239516e-36 1.878346334347698598e-01
7.419908944837829949e+03 1.803638750688673783e-36 1.746390408657519655e-01
7.584420183472267126e+03 2.070443355567737860e-36 1.640573536722042536e-01
7.752578899163125243e+03 2.365454754842270204e-36 1.536792154879764727e-01
7.924465962305569519e+03 2.684479117226082619e-36 1.453335668391445845e-01
8.100164036320657033e+03 3.030587783135250007e-36 1.386961182596482545e-01
8.279757617409590239e+03 3.421399595545408349e-36 1.321104976604242920e-01
8.463333075189379088e+03 3.833431718407702664e-36 1.262106644857154125e-01
8.650978694229470420e+03 4.269557725351227173e-36 1.210767483232888381e-01
8.842784716509291684e+03 4.755465163325316365e-36 1.159791720438311385e-01
9.038843384817178958e+03 5.278935632653874203e-36 1.116229605958316135e-01
9.239248987111461247e+03 5.826191619314107899e-36 1.081727457509268631e-01
9.444097901865212407e+03 6.424606833850760964e-36 1.046824881188526124e-01
9.653488644416256648e+03 7.066952084303563626e-36 1.016583673109562602e-01
9.867521914344893958e+03 7.739107148880326186e-36 9.944092473040901103e-02
1.008630064390205189e+04 8.467833027128329751e-36 9.716117351492749299e-02
1.030993004751111584e+04 9.236109376602861221e-36 9.498692881337335303e-02
1.053851767236741034e+04 1.003152207574389789e-35 9.338012146553217874e-02
1.077217345015943101e+04 1.089559282806638538e-35 9.178877026190029875e-02
1.101100974993688942e+04 1.181953263906904885e-35 9.036877818873607915e-02
1.125514143215089098e+04 1.276532386261836357e-35 8.942100083335777216e-02
1.150468590389229939e+04 1.375601793742844431e-35 8.818675462375287488e-02
1.175976317535480484e+04 1.481235291411624447e-35 8.704822143292421932e-02
1.202049591754986977e+04 1.588985636790799860e-35 8.636093980953643556e-02
1.228700952130131554e+04 1.704601580132762935e-35 8.567638791167103696e-02
1.255943215754790981e+04 1.827889702936080968e-35 8.503101306170289531e-02
1.283789483898294930e+04 1.949582894002192048e-35 8.440301451828231827e-02
1.312253148306051298e+04 2.078944291309069762e-35 8.374099495258714720e-02
1.341347897639863550e+04 2.216587475682658878e-35 8.309173641979492042e-02
1.371087724061042718e+04 2.355331933218722236e-35 8.270397664813963767e-02
1.401486929959476038e+04 2.502823070204170881e-35 8.231620961985548768e-02
1.432560134831890718e+04 2.656660021728436796e-35 8.176807466054580864e-02
1.464322282312618518e+04 2.809188964697489113e-35 8.134611431487498434e-02
1.496788647360244977e+04 2.970406728990803827e-35 8.092836521855856224e-02
1.529974843603597765e+04 3.140972415464550895e-35 8.051122452093623094e-02
1.563896830850606784e+04 3.313645164587654761e-35 8.026473012317865419e-02
1.598570922763648014e+04 3.493385657296801016e-35 7.996011623630520926e-02
1.634013794705062537e+04 3.680022982343534509e-35 7.954489867848361928e-02
1.670242491756621894e+04 3.867441391675220534e-35 7.925458213538591479e-02
1.707274436916800187e+04 4.062896657882479344e-35 7.898603938882105269e-02
1.745127439479789609e+04 4.268337346810120288e-35 7.871902048438850219e-02
1.783819703600294451e+04 4.476563201783627423e-35 7.851709493015317232e-02
1.823369837048220870e+04 4.689405577782491185e-35 7.822902234926029652e-02
1.863796860157468836e+04 4.912500232195458336e-35 7.794402034668228285e-02
1.905120214973136535e+04 5.137641771903200472e-35 7.775134678231440666e-02
1.947359774601530808e+04 5.369904045043432754e-35 7.759322489271612555e-02
1.990535852767484539e+04 5.612779207834926791e-35 7.743693894545164436e-02
2.034669213583570672e+04 5.854395743270012876e-35 7.720032119168999951e-02
2.079781081535921112e+04 6.102324248881224037e-35 7.697677397067542726e-02
2.125893151691446838e+04 6.360937626912340949e-35 7.675646103331475179e-02
2.173027600131349027e+04 6.623251723517296205e-35 7.658100765785939845e-02
2.221207094615999813e+04 6.891554914624688079e-35 7.643451843139939528e-02
2.270454805486239275e+04 7.169003014883444016e-35 7.623766469264425805e-02
2.320794416806390655e+04 7.450582913383805961e-35 7.605007709293029605e-02
2.372250137754331445e+04 7.738180648574096289e-35 7.589366589207852121e-02
2.424846714264099865e+04 8.037340168574040397e-35 7.573734937544368551e-02
2.478609440926637399e+04 8.342785676572022546e-35 7.560839448916013839e-02
2.533564173154387390e+04 8.652549377828827809e-35 7.547789351320502438e-02
2.589737339615606106e+04 8.972397171785126500e-35 7.529876187920478414e-02
2.647155954944358746e+04 9.299887481914157766e-35 7.513394938250146649e-02
2.705847632732318380e+04 9.633041048735352344e-35 7.498829519952723843e-02
2.765840598808613140e+04 9.979570017254392175e-35 7.483582806217865813e-02
2.827163704814115044e+04 1.033509097252785492e-34 7.467623329929759524e-02
2.889846442076662061e+04 1.069192626339800186e-34 7.447566404269605200e-02
2.953918955793977511e+04 1.106319970366016681e-34 7.426590251401293807e-02
3.019412059530984334e+04 1.144386570862782769e-34 7.406208829980819031e-02
3.086357250038582060e+04 1.182571728480875798e-34 7.388477079219932242e-02
3.154786722400971121e+04 1.222370449145503370e-34 7.369071665357723733e-02
3.224733385518816431e+04 1.263112414273799136e-34 7.346424345818053370e-02
3.296230877935701574e+04 1.305464846663124023e-34 7.322163129417139094e-02
3.369313584015476954e+04 1.349634876636422393e-34 7.296296663955713357e-02
3.444016650478287193e+04 1.394001097520825318e-34 7.272304023338967138e-02
3.520376003303228208e+04 1.439915639919389011e-34 7.247000608083635498e-02
3.598428365005763771e+04 1.487061984335472583e-34 7.219902578401425630e-02
3.678211272298209951e+04 1.535769115028886480e-34 7.191282451015286459e-02
3.759763094141780311e+04 1.586632478060044628e-34 7.160757270684783848e-02
3.843123050198872079e+04 1.638995216378845997e-34 7.129376029485319510e-02
3.928331229694475041e+04 1.691963219706078532e-34 7.098264276769671033e-02
4.015428610695759562e+04 1.746648382717353452e-34 7.065437213939235184e-02
4.104457079819130013e+04 1.802524556216019219e-34 7.031985183653813309e-02
4.195459452374214015e+04 1.860913383862190522e-34 6.996568819438107878e-02
4.288479492954472516e+04 1.921997455177481437e-34 6.959059289976426976e-02
4.383561936484342732e+04 1.983874516730917718e-34 6.920849960081881802e-02
4.480752509733024635e+04 2.047914153990146526e-34 6.881126210470180082e-02
4.580097953305263945e+04 2.112611555908474957e-34 6.843468821544197722e-02
4.681646044119707949e+04 2.180222612539735287e-34 6.803995206636134774e-02
4.785445618385639682e+04 2.250947833352888108e-34 6.762633664954682822e-02
4.891546595089143375e+04 2.324093452289646286e-34 6.719954830286579972e-02
4.999999999999999272e+04 2.398889166748139485e-34 6.676407138535128682e-02
5.110857990210843127e+04 2.474027385187184446e-34 6.636002729892366558e-02
5.224173879220404342e+04 2.552112075431624571e-34 6.594699784672292120e-02
5.340002162572876841e+04 2.633729693277287984e-34 6.551860938252268562e-02
5.458398544065754686e+04 2.719110447623756009e-34 6.507468497346521885e-02
5.579419962538739492e+04 2.806305117874232800e-34 6.462799730826133959e-02
5.703124619256600272e+04 2.894283634225987510e-34 6.420762667250135003e-02
5.829572005899154465e+04 2.984459348897768249e-34 6.379788082877256572e-02
5.958822933171829936e+04 3.078592659896104913e-34 6.337704888359346755e-02
6.090939560050573346e+04 3.176921290006297115e-34 6.294526664016018846e-02
6.225985423675158381e+04 3.278663530299855675e-34 6.250057995956732892e-02
6.364025469905285718e+04 3.380991450275760151e-34 6.206609972698668570e-02
6.505126084554163390e+04 3.484338435278114484e-34 6.166252493235131749e-02
6.649355125314525503e+04 3.592040056534790226e-34 6.125181530943039909e-02
6.796781954392633634e+04 3.704337003887896826e-34 6.083429064245696183e-02
6.947477471865693224e+04 3.821485321392796432e-34 6.041032210473952502e-02
7.101514149778922729e+04 3.940589304538186603e-34 5.998891763387134701e-02
7.258966066998594033e+04 4.058671940299459350e-34 5.961427773636474026e-02
7.419908944837830495e+04 4.181499690655117822e-34 5.923618118607389821e-02
7.584420183472266945e+04 4.309313449617354485e-34 5.885498824100517112e-02
7.752578899163125607e+04 4.442367952950258981e-34 5.847109208281005971e-02
7.924465962305568974e+04 4.579875328351113327e-34 5.808702349130631659e-02
8.100164036320656305e+04 4.714429792340952010e-34 5.775370204023778931e-02
8.279757617409589875e+04 4.853294279603786383e-34 5.742527877068368675e-02
8.463333075189379451e+04 4.997496735270450297e-34 5.709613276410556437e-02
8.650978694229488610e+04 5.147287714409751273e-34 5.676660741044248226e-02
8.842784716509310238e+04 5.302930842121126348e-34 5.643706473482102554e-02
9.038843384817188780e+04 5.456789212370414386e-34 5.614891400028021451e-02
9.239248987111471070e+04 5.612841846673333048e-34 5.588002409333108628e-02
9.444097901865221502e+04 5.774559100753449270e-34 5.561179164240701717e-02
9.653488644416266470e+04 5.942185658659018269e-34 5.534447626846070861e-02
9.867521914344903780e+04 6.115977811028861403e-34 5.507834684603024611e-02
1.008630064390205080e+05 6.290769893409023520e-34 5.482784085594315932e-02
1.030993004751111584e+05 6.463105224885250758e-34 5.460074805401506776e-02
1.053851767236740998e+05 6.641334261164012204e-34 5.437517447658485326e-02
1.077217345015943138e+05 6.825692665751795787e-34 5.415132449796920128e-02
1.101100974993688869e+05 7.016426348474863389e-34 5.392940654576593856e-02
1.125514143215089134e+05 7.212343005887423205e-34 5.371474755227079179e-02
1.150468590389229939e+05 7.405884441140655887e-34 5.353319107669925886e-02
1.175976317535480484e+05 7.605678875622543121e-34 5.335376114978885448e-02
1.202049591754987050e+05 7.811956727774118957e-34 5.317657686830801200e-02
1.228700952130131627e+05 8.024957566932479339e-34 5.300175839775193853e-02
1.255943215754790872e+05 8.244930490534085143e-34 5.282942669823512821e-02
1.283789483898295002e+05 8.456701954310464207e-34 5.268718002034920161e-02
1.312253148306051153e+05 8.673040507033607987e-34 5.255028021642007413e-02
1.341347897639863368e+05 8.895980288933888934e-34 5.241543390830508131e-02
1.371087724061042536e+05 9.125748498686707726e-34 5.228272520255426714e-02
1.401486929959476111e+05 9.362580698487614643e-34 5.215223809031616087e-02
1.432560134831890755e+05 9.598970480463320997e-34 5.204026622995008844e-02
1.464322282312618336e+05 9.837864547257362677e-34 5.193932489229081961e-02
1.496788647360244941e+05 1.008364834338461732e-33 5.184032017702500106e-02
1.529974843603597838e+05 1.033654193360247198e-33 5.174328941611691657e-02
1.563896830850606784e+05 1.059677284884450796e-33 5.164826968327160261e-02
1.598570922763647977e+05 1.085759677643386864e-33 5.155485564534195014e-02
1.634013794705062464e+05 1.111468433340147605e-33 5.146273705701782941e-02
1.670242491756622039e+05 1.137876105647769607e-33 5.137259197197659166e-02
1.707274436916800041e+05 1.165003567852333798e-33 5.128444779943609061e-02
1.745127439479789464e+05 1.192872352377335933e-33 5.119833141620559053e-02
1.783819703600294597e+05 1.221314360370639813e-33 5.111668500984603569e-02
1.823369837048220797e+05 1.249342988343611420e-33 5.105150612966626728e-02
1.863796860157468764e+05 1.278094083771027920e-33 5.098801539924533582e-02
1.905120214973136317e+05 1.307587816340431082e-33 5.092621695772953788e-02
1.947359774601530808e+05 1.337844947479829749e-33 5.086611476224587453e-02
1.990535852767488395e+05 1.368886848224511155e-33 5.080771256501656619e-02
2.034669213583574747e+05 1.398886349140651133e-33 5.076961736566468902e-02
2.079781081535925332e+05 1.429391473346105934e-33 5.073492788018101746e-02
2.125893151691446838e+05 1.460639842764040820e-33 5.070135997503662922e-02
2.173027600131348881e+05 1.492650989739541381e-33 5.066891623934455940e-02
2.221207094615999958e+05 1.525444984410813768e-33 5.063759918039972829e-02
2.270454805486239493e+05 1.558109920899628373e-33 5.061542613872570262e-02
2.320794416806390800e+05 1.591012605438480796e-33 5.059861361779240813e-02
2.372250137754331517e+05 1.624677556538101199e-33 5.058263247662326406e-02
2.424846714264100010e+05 1.659123603680400228e-33 5.056747757639532687e-02
2.478609440926637326e+05 1.694370061145868222e-33 5.055314390006193648e-02
2.533564173154387390e+05 1.729630518964916981e-33 5.054026152760250634e-02
2.589737339615605888e+05 1.764413985873203140e-33 5.052910323796383496e-02
2.647155954944363912e+05 1.799961181815761177e-33 5.051864432040446828e-02
2.705847632732323837e+05 1.836289918040089960e-33 5.050887996895354198e-02
2.765840598808618961e+05 1.873418437690672851e-33 5.049980548026927057e-02
2.827163704814115190e+05 1.911147657831829143e-33 5.049269114614662185e-02
2.889846442076662206e+05 1.948354433788390845e-33 5.049386238267038890e-02
2.953918955793977366e+05 1.986340860603866031e-33 5.049552384181356379e-02
3.019412059530984261e+05 2.025124127843005294e-33 5.049766794058933861e-02
3.086357250038582133e+05 2.064721817250060682e-33 5.050028729266690247e-02
3.154786722400970757e+05 2.105151911898399118e-33 5.050337470371291798e-02
3.224733385518816067e+05 2.144482723395978248e-33 5.051408297985891804e-02
3.296230877935701283e+05 2.184360428379239482e-33 5.052599754303802732e-02
3.369313584015477099e+05 2.225033010247555805e-33 5.053823619521728011e-02
3.444016650478286901e+05 2.266517090698472054e-33 5.055079208792986195e-02
3.520376003303228063e+05 2.308829650413253031e-33 5.056365855197211823e-02
3.598428365005764063e+05 2.350943124477983434e-33 5.058116836015500578e-02
3.678211272298209951e+05 2.393278393376554730e-33 5.060131714263137181e-02
3.759763094141780166e+05 2.436421562624179254e-33 5.062165948112783143e-02
3.843123050198872224e+05 2.480388680851851244e-33 5.064218811130655196e-02
3.928331229694475187e+05 2.525196124529692356e-33 5.066289596645691395e-02
4.015428610695759999e+05 2.570020117609241407e-33 5.068362803275454354e-02
4.104457079819130013e+05 2.614356590844758510e-33 5.070425897598088844e-02
4.195459452374213724e+05 2.659500327482007864e-33 5.072499741793534689e-02
4.288479492954472080e+05 2.705466584613559151e-33 5.074583814236974938e-02
4.383561936484342441e+05 2.752270915341625117e-33 5.076677608982988615e-02
4.480752509733024053e+05 2.799692181763739062e-33 5.078856131261939161e-02
4.580097953305263654e+05 2.846511524475928815e-33 5.081497527359805227e-02
4.681646044119707658e+05 2.894149819993344543e-33 5.084142325233721726e-02
4.785445618385639391e+05 2.942621841765501796e-33 5.086790006062993919e-02
4.891546595089143375e+05 2.991942635724875655e-33 5.089440066332604623e-02
4.999999999999999418e+05 3.042127525394526208e-33 5.092092017553319361e-02
5.110857990210843273e+05 3.091060152224123150e-33 5.095669359274936777e-02
5.224173879220404197e+05 3.140551920535855825e-33 5.099349766220710733e-02
5.340002162572887028e+05 3.190870938113024840e-33 5.103020229298283611e-02
5.458398544065766037e+05 3.242031447601290188e-33 5.106680354980851211e-02
5.579419962538750842e+05 3.294047942148207066e-33 5.110329763011282889e-02
5.703124619256611913e+05 3.345824636854673509e-33 5.114249992953721208e-02
5.829572005899166688e+05 3.397816413308068456e-33 5.118316076326713537e-02
5.958822933171842014e+05 3.450645521281449873e-33 5.122370342875567917e-02
6.090939560050586006e+05 3.504325776301782804e-33 5.126412411173357497e-02
6.225985423675171332e+05 3.558871225922678269e-33 5.130441911697912472e-02
6.364025469905298669e+05 3.613367549180684998e-33 5.134353944322252172e-02
6.505126084554162808e+05 3.667264235231004782e-33 5.138092703562966573e-02
6.649355125314525794e+05 3.721992691719070416e-33 5.141821140150806130e-02
6.796781954392633634e+05 3.777566053824796618e-33 5.145538951396051719e-02
6.947477471865693806e+05 3.833997667691739974e-33 5.149245843683169371e-02
7.101514149778921856e+05 3.891052614211240418e-33 5.152995323523521659e-02
7.258966066998594906e+05 3.947456895174132462e-33 5.157059471960111913e-02
7.419908944837829331e+05 4.004702186981183217e-33 5.161113065991136672e-02
7.584420183472266654e+05 4.062801263709063643e-33 5.165155820130429981e-02
7.752578899163125316e+05 4.121767096130574666e-33 5.169187456801125485e-02
7.924465962305569556e+05 4.181612854775858936e-33 5.173207706195444983e-02
8.100164036320656305e+05 4.240282504974866576e-33 5.177376633620806023e-02
8.279757617409589002e+05 4.299542560821746667e-33 5.181553146454086212e-02
8.463333075189379742e+05 4.359652465009922720e-33 5.185717580215214173e-02
8.650978694229470566e+05 4.420624613848273380e-33 5.189869711019999554e-02
8.842784716509293066e+05 4.482471586759044507e-33 5.194009321174858362e-02
9.038843384817169281e+05 4.544048731973654309e-33 5.198354615228890918e-02
9.239248987111471361e+05 4.605836045924994343e-33 5.202811138950944048e-02
9.444097901865221793e+05 4.668481716642415760e-33 5.207257295219323845e-02
9.653488644416265888e+05 4.731997828732755713e-33 5.211692866934248408e-02
9.867521914344904944e+05 4.796396638613578478e-33 5.216117642458545367e-02
1.008630064390205080e+06 4.859725184762799383e-33 5.220800349841252241e-02
1.030993004751111497e+06 4.920815532463188599e-33 5.225892277800994051e-02
1.053851767236741027e+06 4.982686675892716389e-33 5.230977174956651793e-02
1.077217345015943283e+06 5.045348687613516095e-33 5.236054850712121289e-02
1.101100974993688986e+06 5.108811770972882787e-33 5.241125118507030528e-02
1.125514143215089105e+06 5.173086261810005526e-33 5.246187795750555105e-02
1.150468590389230056e+06 5.238182630185194299e-33 5.251242703756202335e-02
1.175976317535480484e+06 5.304111482132237278e-33 5.256289667677480071e-02
1.202049591754986905e+06 5.370883561433230852e-33 5.261328516444548770e-02
1.228700952130131656e+06 5.438509751416824621e-33 5.266359082701697891e-02
1.255943215754790930e+06 5.507001076780013400e-33 5.271381202745856892e-02
1.283789483898294857e+06 5.576368705434098205e-33 5.276394716465847984e-02
1.312253148306051269e+06 5.646623950374454255e-33 5.281399467282645727e-02
1.341347897639863426e+06 5.717778271575111814e-33 5.286395302090456799e-02
1.371087724061042536e+06 5.789843277907793382e-33 5.291382071198675457e-02
1.401486929959475994e+06 5.862830729086842072e-33 5.296359628274709824e-02
1.432560134831890697e+06 5.936752537638885491e-33 5.301327830287626275e-02
1.464322282312618569e+06 6.011620770898769198e-33 5.306286537452640367e-02
1.496788647360244999e+06 6.087447653031486688e-33 5.311235613176522319e-02
1.529974843603597721e+06 6.164245567080838756e-33 5.316174924003636004e-02
1.563896830850606784e+06 6.242027057044839308e-33 5.321104339562970909e-02
1.598570922763647977e+06 6.317430039984405412e-33 5.326328681903396561e-02
1.634013794705065899e+06 6.388458583702376251e-33 5.332023815308754161e-02
1.670242491756625473e+06 6.460294002277150964e-33 5.337720074024984718e-02
1.707274436916803708e+06 6.532945502067472039e-33 5.343417341548429428e-02
1.745127439479792956e+06 6.606422394727318086e-33 5.349115503319353676e-02
1.783819703600298148e+06 6.680734098412019494e-33 5.354814446692825192e-02
1.823369837048224639e+06 6.755890138998860552e-33 5.360514060909912781e-02
1.863796860157472547e+06 6.831900151320657264e-33 5.366214237069386050e-02
1.905120214973140275e+06 6.908773880414601658e-33 5.371914868099705864e-02
1.947359774601534940e+06 6.986521182784637382e-33 5.377615848731445020e-02
1.990535852767488454e+06 7.065152027678390193e-33 5.383317075470107904e-02
2.034669213583574863e+06 7.144676498379393671e-33 5.389018446569231180e-02
2.079781081535925390e+06 7.225104793513144549e-33 5.394719862003988231e-02
2.125893151691447012e+06 7.306447228369144338e-33 5.400421223445021901e-02
2.173027600131349172e+06 7.388714236237447949e-33 5.406122434232725482e-02
2.221207094616000075e+06 7.471916369760528068e-33 5.411823399351898406e-02
2.270454805486239493e+06 7.556064302301348891e-33 5.417524025406637161e-02
2.320794416806390509e+06 7.641168829326096017e-33 5.423224220595739692e-02
2.372250137754331343e+06 7.727240869803828654e-33 5.428923894688295754e-02
2.424846714264099952e+06 7.814291467621459906e-33 5.434622958999726916e-02
2.478609440926637035e+06 7.902331793015016205e-33 5.440321326368156851e-02
2.533564173154387157e+06 7.988090243058528731e-33 5.446259359019543778e-02
2.589737339615605772e+06 8.069637960279679967e-33 5.452578903031874563e-02
2.647155954944358673e+06 8.152024918557443371e-33 5.458910479918267777e-02
2.705847632732318249e+06 8.235259780431490893e-33 5.465254023814263701e-02
2.765840598808613140e+06 8.319351297974632633e-33 5.471609469780015084e-02
2.827163704814109020e+06 8.404308313718463426e-33 5.477976753787808933e-02
2.889846442076662090e+06 8.490139761589677903e-33 5.484355812709605649e-02
2.953918955793977249e+06 8.576854667854905565e-33 5.490746584304892486e-02
3.019412059530984145e+06 8.664462152076515388e-33 5.497149007208526617e-02
3.086357250038582366e+06 8.752971428077100547e-33 5.503563020918896681e-02
3.154786722400970757e+06 8.842391804915192680e-33 5.509988565786060749e-02
3.224733385518816300e+06 8.932732687869795856e-33 5.516425583000221511e-02
3.296230877935701516e+06 9.024003579436427878e-33 5.522874014580148039e-02
3.369313584015476983e+06 9.116214080332126346e-33 5.529333803361951433e-02
3.444016650478287134e+06 9.209373890512220689e-33 5.535804892987799403e-02
3.520376003303227946e+06 9.303492810196264652e-33 5.542287227894971552e-02
3.598428365005763713e+06 9.398580740905935917e-33 5.548780753304855679e-02
3.678211272298210301e+06 9.494647686512493022e-33 5.555285415212303513e-02
3.759763094141780399e+06 9.591703754295738252e-33 5.561801160374924696e-02
3.843123050198872574e+06 9.689759156014138914e-33 5.568327936302609055e-02
3.928331229694475420e+06 9.788824208985068351e-33 5.574865691247233440e-02
4.015428610695759766e+06 9.885453028638566448e-33 5.581827701574827716e-02
4.104457079819130246e+06 9.977629074186075251e-33 5.589451126741117742e-02
4.195459452374213375e+06 1.007067253391838867e-32 5.597098479218069744e-02
4.288479492954472080e+06 1.016459161000959247e-32 5.604769725057166807e-02
4.383561936484342441e+06 1.025939458246571940e-32 5.612464830656006820e-02
4.480752509733024053e+06 1.035508980986594034e-32 5.620183762753765133e-02
4.580097953305264004e+06 1.045168573011022956e-32 5.627926488426610724e-02
4.681646044119708240e+06 1.054919086117478769e-32 5.635692975083345102e-02
4.785445618385639973e+06 1.064761380187420585e-32 5.643483190460950316e-02
4.891546595089144073e+06 1.074696323263111234e-32 5.651297102620279206e-02
5.000000000000009313e+06 1.084724791625344858e-32 5.659134679941831003e-02
5.110857990210853517e+06 1.094847669871815211e-32 5.666995891121482526e-02
5.224173879220414907e+06 1.105065850996381665e-32 5.674880705166311656e-02
5.340002162572887726e+06 1.115380236468980311e-32 5.682789091390560987e-02
5.458398544065765105e+06 1.125791736316321094e-32 5.690721019411507792e-02
5.579419962538750842e+06 1.136301269203400416e-32 5.698676459145559509e-02
5.703124619256611913e+06 1.146909762515722733e-32 5.706655380804215999e-02
5.829572005899166688e+06 1.157618152442364165e-32 5.714657754890226093e-02
5.958822933171842247e+06 1.168427384059812154e-32 5.722683552193767731e-02
6.090939560050585307e+06 1.179338411416597187e-32 5.730732743788629485e-02
6.225985423675171100e+06 1.190352197618742581e-32 5.738805301028451072e-02
6.364025469905299135e+06 1.201145981207269144e-32 5.746950371349741904e-02
6.505126084554163739e+06 1.211532016290296718e-32 5.755201818703219868e-02
6.649355125314525329e+06 1.222009125997399491e-32 5.763486356867727339e-02
6.796781954392633401e+06 1.232578117336101830e-32 5.771803982772639313e-02
6.947477471865693107e+06 1.243239804532482177e-32 5.780154693238902935e-02
7.101514149778922088e+06 1.253995009096262129e-32 5.788538484978234672e-02
7.258966066998594441e+06 1.264844559886590701e-32 5.796955354592174536e-02
7.419908944837830029e+06 1.275789293178427004e-32 5.805405298571175710e-02
7.584420183472266421e+06 1.286830052729429670e-32 5.813888313293919669e-02
7.752578899163126014e+06 1.297967689847596868e-32 5.822404395026357926e-02
7.924465962305570021e+06 1.309203063459374891e-32 5.830953539921087531e-02
8.100164036320656538e+06 1.320537040178504596e-32 5.839535744016613461e-02
8.279757617409589700e+06 1.331970494375479565e-32 5.848151003236564532e-02
8.463333075189379975e+06 1.343504308247520152e-32 5.856799313389162570e-02
8.650978694229470566e+06 1.355139371889378751e-32 5.865480670166477173e-02
8.842784716509310529e+06 1.366876583364585140e-32 5.874195069143949011e-02
9.038843384817188606e+06 1.378716848777550683e-32 5.882942505779722303e-02
9.239248987111471593e+06 1.390661082346116174e-32 5.891722975414192404e-02
9.444097901865221560e+06 1.402710206474916113e-32 5.900536473269477056e-02
9.653488644416267052e+06 1.414865151829398459e-32 5.909382994448877241e-02
9.867521914344904944e+06 1.427126857410383289e-32 5.918262533936545500e-02
1.008630064390205219e+07 1.439163307836938579e-32 5.927501556162115964e-02
1.030993004751111567e+07 1.450782089871156520e-32 5.937287945134488154e-02
1.053851767236740887e+07 1.462496605618354710e-32 5.947118384691257864e-02
1.077217345015943237e+07 1.474307657724657406e-32 5.956992884495147800e-02
1.101100974993688986e+07 1.486216055676803577e-32 5.966911453731640891e-02
1.125514143215089105e+07 1.498222615861351488e-32 5.976874101110626891e-02
1.150468590389229916e+07 1.510328161624424102e-32 5.986880834868157225e-02
1.175976317535480484e+07 1.522533523331971207e-32 5.996931662768194282e-02
1.202049591754986905e+07 1.534839538430567983e-32 6.007026592104434959e-02
1.228700952130131610e+07 1.547247051508728919e-32 6.017165629702108526e-02
1.255943215754790977e+07 1.559756914358796223e-32 6.027348781919900089e-02
1.283789483898294903e+07 1.572369986039337829e-32 6.037576054651811602e-02
1.312253148306051269e+07 1.585087132938110860e-32 6.047847453329126266e-02
1.341347897639863566e+07 1.597909228835574115e-32 6.058162982922345174e-02
1.371087724061042629e+07 1.610837154968965173e-32 6.068522647943213472e-02
1.401486929959475994e+07 1.623871800096919414e-32 6.078926452446701406e-02
1.432560134831890650e+07 1.637014060564699094e-32 6.089374400033120693e-02
1.464322282312618382e+07 1.650264840369957758e-32 6.099866493850174959e-02
1.496788647360244952e+07 1.663625051229081597e-32 6.110402736595035161e-02
1.529974843603597768e+07 1.677095612644172062e-32 6.120983130516573223e-02
1.563896830850609951e+07 1.690677451970550408e-32 6.131607677417413860e-02
1.598570922763651237e+07 1.704013117437328390e-32 6.142445042304966324e-02
1.634013794705065712e+07 1.716896397348888068e-32 6.153593995313166171e-02
1.670242491756625287e+07 1.729880007742876621e-32 6.164795619158679185e-02
1.707274436916803569e+07 1.742964751267476191e-32 6.176049925391680767e-02
1.745127439479792863e+07 1.756151437155482546e-32 6.187356924746155451e-02
1.783819703600298241e+07 1.769440881279515699e-32 6.198716627143857627e-02
1.823369837048224732e+07 1.782833906207773517e-32 6.210129041698198016e-02
1.863796860157472640e+07 1.796331341260291943e-32 6.221594176718284880e-02
1.905120214973140135e+07 1.809934022565534732e-32 6.233112039712843111e-02
1.947359774601534754e+07 1.823642793117740776e-32 6.244682637394375485e-02
1.990535852767488360e+07 1.837458502834490372e-32 6.256305975683155995e-02
2.034669213583574817e+07 1.851382008614916858e-32 6.267982059711446619e-02
2.079781081535925344e+07 1.865414174398374215e-32 6.279710893827654405e-02
2.125893151691446826e+07 1.879555871223628522e-32 6.291492481600519104e-02
2.173027600131348893e+07 1.893807977288476629e-32 6.303326825823457602e-02
2.221207094615999982e+07 1.908171378010036483e-32 6.315213928518720321e-02
2.270454805486239493e+07 1.922646966085394886e-32 6.327153790941796030e-02
2.320794416806390882e+07 1.937235641552855184e-32 6.339146413585740325e-02
2.372250137754331529e+07 1.951938311853709622e-32 6.351191796185548522e-02
2.424846714264100045e+07 1.966755891894461652e-32 6.363289937722650669e-02
2.478609440926637128e+07 1.981689304109746150e-32 6.375440836429221991e-02
2.533564173154387251e+07 1.996445041240752377e-32 6.388118207956239303e-02
2.589737339615606144e+07 2.010854329126331888e-32 6.401592681422840769e-02
2.647155954944358766e+07 2.025372010890670587e-32 6.415132809936766045e-02
2.705847632732323930e+07 2.039998933653157995e-32 6.428738584692576807e-02
2.765840598808619007e+07 2.054735951385089196e-32 6.442409995617690011e-02
2.827163704814114794e+07 2.069583924966599432e-32 6.456147031381230528e-02
2.889846442076662183e+07 2.084543722244368584e-32 6.469949679402532683e-02
2.953918955793977529e+07 2.099616218089553646e-32 6.483817925860080322e-02
3.019412059530984238e+07 2.114802294456368747e-32 6.497751755700172105e-02
3.086357250038582087e+07 2.130102840441221315e-32 6.511751152645738061e-02
3.154786722400971130e+07 2.145518752342114813e-32 6.525816099205340726e-02
3.224733385518816486e+07 2.161050933718867630e-32 6.539946576681889001e-02
3.296230877935701609e+07 2.176700295453514514e-32 6.554142565181718394e-02
3.369313584015476704e+07 2.192467755811583276e-32 6.568404043623425614e-02
3.444016650478287041e+07 2.208354240503526400e-32 6.582730989746995998e-02
3.520376003303228319e+07 2.224360682747049813e-32 6.597123380122689451e-02
3.598428365005763620e+07 2.240488023329591642e-32 6.611581190160109589e-02
3.678211272298210114e+07 2.256737210671626139e-32 6.626104394117289520e-02
3.759763094141779840e+07 2.273109200890470663e-32 6.640692965109673551e-02
3.843123050198872387e+07 2.289604957864424094e-32 6.655346875119359795e-02
3.928331229694475234e+07 2.306225453297769839e-32 6.670066095003980566e-02
4.015428610695759952e+07 2.322623794204551964e-32 6.684714525391839690e-02
4.104457079819130152e+07 2.338600746587568405e-32 6.699217348872404942e-02
4.195459452374213934e+07 2.354693474249891557e-32 6.713785922741431766e-02
4.288479492954472452e+07 2.370902856910328131e-32 6.728420212211615181e-02
4.383561936484342813e+07 2.387229781251081759e-32 6.743120181205486396e-02
4.480752509733024240e+07 2.403675140974702638e-32 6.757885792365193878e-02
4.580097953305263817e+07 2.420239836861407207e-32 6.772717007062027672e-02
4.681646044119708240e+07 2.436924776827179483e-32 6.787613785405989530e-02
4.785445618385649472e+07 2.453730875982057687e-32 6.802576086255364418e-02
4.891546595089153945e+07 2.470659056689025733e-32 6.817603867226605663e-02
5.000000000000009686e+07 2.487710248623472065e-32 6.832697084703652501e-02
5.110857990210853517e+07 2.504885388833042624e-32 6.847855693847870739e-02
5.224173879220414907e+07 2.522185421798058707e-32 6.863079648607600669e-02
5.340002162572887540e+07 2.539611299492301020e-32 6.878368901727936746e-02
5.458398544065765291e+07 2.557163981444606056e-32 6.893723404760350448e-02
5.579419962538751215e+07 2.574844434800663903e-32 6.909143108072353379e-02
5.703124619256612659e+07 2.592653634385463057e-32 6.924627960857442088e-02
5.829572005899166316e+07 2.610592562766326414e-32 6.940177911144471135e-02
5.958822933171842247e+07 2.628662210316386805e-32 6.955792905807636761e-02
6.090939560050585866e+07 2.646863575278602250e-32 6.971472890575959591e-02
6.225985423675171286e+07 2.665197663830302173e-32 6.987217810043273858e-02
6.364025469905298948e+07 2.683329423839279944e-32 7.003136642376865673e-02
6.505126084554163367e+07 2.701066951023008580e-32 7.019292453832570722e-02
6.649355125314525515e+07 2.718929462862449539e-32 7.035517331148952169e-02
6.796781954392634332e+07 2.736917891456677091e-32 7.051811207958871841e-02
6.947477471865692735e+07 2.755033176185451979e-32 7.068174016548442462e-02
7.101514149778921902e+07 2.773276263768370990e-32 7.084605687868517077e-02
7.258966066998594999e+07 2.791648108323980957e-32 7.101106151546385248e-02
7.419908944837829471e+07 2.810149671429878031e-32 7.117675335897180600e-02
7.584420183472266793e+07 2.828781922182846386e-32 7.134313167935613098e-02
7.752578899163125455e+07 2.847545837259935120e-32 7.151019573387419614e-02
7.924465962305569649e+07 2.866442400979726200e-32 7.167794476700915796e-02
8.100164036320656538e+07 2.885472605364141029e-32 7.184637801058635365e-02
8.279757617409606278e+07 2.904637450201041815e-32 7.201549468388672437e-02
8.463333075189396739e+07 2.923937943106863589e-32 7.218529399376265310e-02
8.650978694229488075e+07 2.943375099590327855e-32 7.235577513475176248e-02
8.842784716509310901e+07 2.962949943116159518e-32 7.252693728919297478e-02
9.038843384817188978e+07 2.982663505169792938e-32 7.269877962733833909e-02
9.239248987111471593e+07 3.002516825322151877e-32 7.287130130746868883e-02
9.444097901865221560e+07 3.022510951295477137e-32 7.304450147600650978e-02
9.653488644416266680e+07 3.042646939029274073e-32 7.321837926762855830e-02
9.867521914344903827e+07 3.062925852746938317e-32 7.339293380538064460e-02
