4.015428610695759744e+03 1.590631101666763212e-40 3.743684642221426273e+00
4.104457079819130740e+03 3.101032523009707985e-40 2.945174567368304963e+00
4.195459452374213470e+03 6.073989467105194769e-40 2.189571404270812316e+00
4.288479492954472335e+03 1.175244390055589967e-39 1.520137587483588959e+00
4.383561936484342368e+03 2.025380983754936195e-39 1.168738192301816303e+00
4.480752509733024453e+03 3.088044136099352686e-39 9.842382066788126771e-01
4.580097953305264127e+03 4.697671983606589921e-39 8.065033039418600946e-01
4.681646044119707767e+03 6.780640754583869600e-39 8.517716917204855021e-01
4.785445618385639136e+03 9.859314860824950336e-39 8.842081934902574769e-01
4.891546595089143921e+03 1.365588032472476453e-38 9.466849907597530978e-01
4.999999999999999091e+03 1.874255652208283042e-38 9.347930263593338118e-01
5.110857990210843127e+03 2.572639079903769302e-38 9.223695139348185856e-01
5.224173879220409617e+03 3.531524167726545012e-38 9.104172220843144148e-01
5.340002162572882298e+03 4.709366585260206854e-38 8.238737551462836928e-01
5.458398544065759779e+03 6.193404600238372479e-38 7.324020994600752843e-01
5.579419962538745494e+03 8.156655079971126340e-38 6.305697714081073268e-01
5.703124619256606820e+03 1.057626606799666448e-37 5.530095461899596776e-01
5.829572005899161013e+03 1.352203177000777552e-37 4.834764281991221768e-01
5.958822933171836667e+03 1.707228888684540620e-37 4.148976117221489512e-01
6.090939560050579530e+03 2.120519778054397594e-37 3.698443666819340447e-01
6.225985423675165293e+03 2.622963544572317105e-37 3.310231683536824510e-01
6.364025469905292084e+03 3.229640570308279666e-37 2.927242530328118542e-01
6.505126084554156478e+03 3.876109302871070529e-37 2.697022317562868809e-01
6.649355125314518773e+03 4.629580691711403624e-37 2.514755000473984370e-01
6.796781954392633452e+03 5.530488547666513291e-37 2.331340572735122740e-01
6.947477471865693587e+03 6.537287041191723447e-37 2.184877849664758342e-01
7.101514149778922729e+03 7.611962182364617672e-37 2.060725425530417487e-01
7.258966066998594215e+03 8.865128010985790946e-37 1.936166079419934793e-01
7.419908944837829949e+03 1.025247017061610877e-36 1.841540988073388507e-01
7.584420183472267126e+03 1.180331864977633214e-36 1.767163724260763236e-01
7.752578899163125243e+03 1.347965721784572599e-36 1.690599823671137814e-01
7.924465962305569519e+03 1.530780359465320272e-36 1.629394925773841318e-01
8.100164036320657033e+03 1.731128100273373127e-36 1.581539868599938503e-01
8.279757617409590239e+03 1.957802091974518638e-36 1.534301602994666835e-01
8.463333075189379088e+03 2.194760957638770746e-36 1.490339685163808436e-01
8.650978694229470420e+03 2.446313192756061673e-36 1.452532024184416126e-01
8.842784716509291684e+03 2.726899644842177383e-36 1.415070302854674889e-01
9.038843384817178958e+03 3.031458448981862053e-36 1.383931720124839393e-01
9.239248987111461247e+03 3.350926789487346112e-36 1.359001185915732768e-01
9.444097901865212407e+03 3.698879578103888110e-36 1.332595868686728413e-01
9.653488644416256648e+03 4.074731395009000974e-36 1.309862701324526757e-01
9.867521914344893958e+03 4.472366892609038902e-36 1.293536713894746781e-01
1.008630064390205189e+04 4.900804913435743353e-36 1.275273604227541990e-01
1.030993004751111584e+04 5.348519240110881929e-36 1.256399872921411531e-01
1.053851767236741034e+04 5.816000667894502561e-36 1.244035889360176478e-01
1.077217345015943101e+04 6.324517466688534550e-36 1.231744216434892403e-01
1.101100974993688942e+04 6.871070826529382520e-36 1.220674289551288011e-01
1.125514143215089098e+04 7.437237161697820310e-36 1.212551833353821967e-01
1.150468590389229939e+04 8.021660694905874972e-36 1.199141061331956831e-01
1.175976317535480484e+04 8.646505132025167968e-36 1.186759311049150889e-01
1.202049591754986977e+04 9.289388813936295074e-36 1.179240973809873305e-01
1.228700952130131554e+04 9.980351013339226756e-36 1.171746906253552239e-01
1.255943215754790981e+04 1.071907152336248000e-35 1.164754658238636581e-01
1.283789483898294930e+04 1.144129879895730034e-35 1.156509586833932152e-01
1.312253148306051298e+04 1.220803550175832171e-35 1.147648650084526351e-01
1.341347897639863550e+04 1.302500311392777937e-35 1.138932623311286335e-01
1.371087724061042718e+04 1.385653624920720603e-35 1.133003620169896197e-01
1.401486929959476038e+04 1.474172580244200099e-35 1.127079725589830717e-01
1.432560134831890718e+04 1.565548454283209303e-35 1.118223574477393428e-01
1.464322282312618518e+04 1.656643065906345017e-35 1.110996360784243381e-01
1.496788647360244977e+04 1.753057828172002205e-35 1.103842569495462472e-01
1.529974843603597765e+04 1.855185845773571456e-35 1.096707582043499329e-01
1.563896830850606784e+04 1.958749415129341091e-35 1.091897038038909529e-01
1.598570922763648014e+04 2.066023220043103814e-35 1.085957375214516157e-01
1.634013794705062537e+04 2.176440762893301026e-35 1.077985362701577160e-01
1.670242491756621894e+04 2.288868498149431683e-35 1.071719955098580923e-01
1.707274436916800187e+04 2.406519552913004324e-35 1.065761303155760426e-01
1.745127439479789609e+04 2.530335374191572910e-35 1.059833910348260133e-01
1.783819703600294451e+04 2.655944360707798003e-35 1.054945121207218617e-01
1.823369837048220870e+04 2.782672296874138947e-35 1.048101974875084996e-01
1.863796860157468836e+04 2.915595403377437256e-35 1.041314586915124546e-01
1.905120214973136535e+04 3.050094305369165009e-35 1.035906136174916670e-01
1.947359774601530808e+04 3.189044186557036489e-35 1.031017728158693247e-01
1.990535852767484539e+04 3.334444351901451725e-35 1.026164363684851089e-01
2.034669213583570672e+04 3.479067997584357027e-35 1.020284997478450029e-01
2.079781081535921112e+04 3.627802738233604045e-35 1.014649790249683992e-01
2.125893151691446838e+04 3.783070068438776178e-35 1.009062373191962070e-01
2.173027600131349027e+04 3.942185504563195389e-35 1.004143121874045974e-01
2.221207094615999813e+04 4.106157396146212098e-35 9.996627349392150919e-02
2.270454805486239275e+04 4.274630158467529632e-35 9.940201932369893689e-02
2.320794416806390655e+04 4.444357477747103964e-35 9.884993987243988200e-02
2.372250137754331445e+04 4.617228896832197204e-35 9.836255162372642413e-02
2.424846714264099865e+04 4.797173536327195175e-35 9.787636376249640724e-02
2.478609440926637399e+04 4.982087001734815751e-35 9.742651611152117197e-02
2.533564173154387390e+04 5.170563898379885764e-35 9.695804520532129434e-02
2.589737339615606106e+04 5.364757716360713280e-35 9.639997637533860575e-02
2.647155954944358746e+04 5.563826192495338051e-35 9.587693545698340591e-02
2.705847632732318380e+04 5.766559432029847963e-35 9.540112882401648176e-02
2.765840598808613140e+04 5.977694263766789677e-35 9.491710797375697839e-02
2.827163704814115044e+04 6.194954936858867607e-35 9.442733146109776043e-02
2.889846442076662061e+04 6.413131410366447883e-35 9.385874927130891110e-02
2.953918955793977511e+04 6.640555789169577551e-35 9.327819722341515463e-02
3.019412059530984334e+04 6.874524734761187881e-35 9.271493542401870736e-02
3.086357250038582060e+04 7.110558785308580472e-35 9.220879875992188390e-02
3.154786722400971121e+04 7.357120797021570328e-35 9.168046365808103781e-02
3.224733385518816431e+04 7.608670527813687137e-35 9.107824767518110654e-02
3.296230877935701574e+04 7.870631578946056916e-35 9.045091170299196515e-02
3.369313584015476954e+04 8.144559286079506032e-35 8.980237472256828724e-02
3.444016650478287193e+04 8.420984163560883992e-35 8.919852874685008093e-02
3.520376003303228208e+04 8.708058989003235371e-35 8.858170679874546871e-02
3.598428365005763771e+04 9.002409367249334011e-35 8.792505569798456100e-02
3.678211272298209951e+04 9.306636918969995522e-35 8.723969046404703165e-02
3.759763094141780311e+04 9.625332538936342378e-35 8.652952516054293608e-02
3.843123050198872079e+04 9.955212793035224144e-35 8.581584121021106071e-02
3.928331229694475041e+04 1.029171374285864126e-34 8.512198541702563348e-02
4.015428610695759562e+04 1.063953571736109888e-34 8.440115018701623006e-02
4.104457079819130013e+04 1.099473954741613974e-34 8.366567477982679579e-02
4.195459452374214015e+04 1.136720982400845891e-34 8.290577461196492470e-02
4.288479492954472516e+04 1.175828522675704441e-34 8.212008439612139554e-02
4.383561936484342732e+04 1.215772159030078250e-34 8.135364039395887037e-02
4.480752509733024635e+04 1.257265876752959884e-34 8.057253198619154788e-02
4.580097953305263945e+04 1.299027833048409091e-34 7.980668018514049111e-02
4.681646044119707949e+04 1.342825217261499656e-34 7.902022128002440804e-02
4.785445618385639682e+04 1.388806628878077479e-34 7.821261691710286457e-02
4.891546595089143375e+04 1.436632703804737285e-34 7.739486749296081713e-02
4.999999999999999272e+04 1.485923115609106237e-34 7.657613480218071478e-02
5.110857990210843127e+04 1.535274615622850795e-34 7.579260005585171378e-02
5.224173879220404342e+04 1.586692285887225681e-34 7.500094835229995094e-02
5.340002162572876841e+04 1.640623044683776402e-34 7.419453674397301357e-02
5.458398544065754686e+04 1.697239295000147639e-34 7.337358773976974946e-02
5.579419962538739492e+04 1.755399461481363155e-34 7.256488783941730802e-02
5.703124619256600272e+04 1.814029701216377959e-34 7.179104437117482529e-02
5.829572005899154465e+04 1.874149879246055044e-34 7.103301041556067674e-02
5.958822933171829936e+04 1.937109725828562561e-34 7.026688380602526263e-02
6.090939560050573346e+04 2.003088110420102149e-34 6.949323549738474493e-02
6.225985423675158381e+04 2.071715487231986453e-34 6.872000568361541495e-02
6.364025469905285718e+04 2.141032427473732362e-34 6.798167138555605282e-02
6.505126084554163390e+04 2.210950166868501180e-34 6.728403647072957183e-02
6.649355125314525503e+04 2.284025266881790105e-34 6.658404588636662735e-02
6.796781954392633634e+04 2.360439854813246654e-34 6.588237807094012022e-02
6.947477471865693224e+04 2.440387929761699020e-34 6.517977344818903784e-02
7.101514149778922729e+04 2.521926690024866509e-34 6.449498182794370649e-02
7.258966066998594033e+04 2.602524351357601899e-34 6.386789659284869414e-02
7.419908944837830495e+04 2.686577151300762642e-34 6.324303383376625454e-02
7.584420183472266945e+04 2.774267704297421167e-34 6.262102969212976489e-02
7.752578899163125607e+04 2.865789344000884922e-34 6.200255371312785729e-02
7.924465962305568974e+04 2.960761776086653068e-34 6.139209827356251897e-02
8.100164036320656305e+04 3.053658926776558992e-34 6.084496687066964782e-02
8.279757617409589875e+04 3.149686337309706072e-34 6.030939243769743718e-02
8.463333075189379451e+04 3.249632504164794939e-34 5.977952623743767319e-02
8.650978694229488610e+04 3.353688175924727288e-34 5.925588276925197045e-02
8.842784716509310238e+04 3.462054249482789338e-34 5.873898841261374071e-02
9.038843384817188780e+04 3.569073907992566726e-34 5.827786464268881750e-02
9.239248987111471070e+04 3.677616125486601468e-34 5.784331186225841193e-02
9.444097901865221502e+04 3.790324401268301467e-34 5.741551214544825948e-02
9.653488644416266470e+04 3.907385085997338587e-34 5.699480861269198839e-02
9.867521914344903780e+04 4.028993546308485440e-34 5.658154572217471978e-02
1.008630064390205080e+05 4.151586396196199879e-34 5.618706683672752139e-02
1.030993004751111584e+05 4.272753113855808172e-34 5.581699925650349808e-02
1.053851767236740998e+05 4.398286563843714765e-34 5.545419412262542203e-02
1.077217345015943138e+05 4.528366943574747541e-34 5.509889447958567915e-02
1.101100974993688869e+05 4.663182425255779462e-34 5.475133976223264115e-02
1.125514143215089134e+05 4.801805491092535670e-34 5.441639279823737296e-02
1.150468590389229939e+05 4.938370376680733633e-34 5.411710453944739568e-02
1.175976317535480484e+05 5.079568054561310839e-34 5.382518364311042469e-02
1.202049591754987050e+05 5.225574553993137013e-34 5.354073556077424551e-02
1.228700952130131627e+05 5.376573021282091487e-34 5.326386087254065399e-02
1.255943215754790872e+05 5.532754016583295692e-34 5.299465491513450505e-02
1.283789483898295002e+05 5.683267135366932757e-34 5.276244192452275023e-02
1.312253148306051153e+05 5.837230212756405375e-34 5.254018664319076715e-02
1.341347897639863368e+05 5.996108441965912227e-34 5.232431068285224585e-02
1.371087724061042536e+05 6.160075746168422156e-34 5.211486249039431334e-02
1.401486929959476111e+05 6.329312555289735885e-34 5.191188602554765164e-02
1.432560134831890755e+05 6.497896574577202004e-34 5.172686529638895192e-02
1.464322282312618336e+05 6.668150933770637745e-34 5.155414719181945771e-02
1.496788647360244941e+05 6.843528465064659014e-34 5.138719699294121146e-02
1.529974843603597838e+05 7.024197301758810904e-34 5.122599779066557696e-02
1.563896830850606784e+05 7.210331374567308512e-34 5.107052982734728436e-02
1.598570922763647977e+05 7.397058299633925126e-34 5.093232439636065367e-02
1.634013794705062464e+05 7.581228979289190976e-34 5.081679028021211103e-02
1.670242491756622039e+05 7.770604591379324787e-34 5.070556516705420486e-02
1.707274436916800041e+05 7.965344475308313848e-34 5.059862300303683696e-02
1.745127439479789464e+05 8.165613077611643348e-34 5.049593614355767784e-02
1.783819703600294597e+05 8.370093019485158328e-34 5.039897611222379087e-02
1.823369837048220797e+05 8.571071900793007662e-34 5.031501465227400383e-02
1.863796860157468764e+05 8.777421887303004426e-34 5.023472063062033727e-02
1.905120214973136317e+05 8.989296521185662243e-34 5.015804625005877010e-02
1.947359774601530808e+05 9.206853915091500970e-34 5.008494325967560723e-02
1.990535852767488395e+05 9.430256891436012107e-34 5.001536298607964920e-02
2.034669213583574747e+05 9.646125655333025037e-34 4.994559708433764927e-02
2.079781081535925332e+05 9.865786560217959877e-34 4.987856700466050675e-02
2.125893151691446838e+05 1.009098463658480749e-33 4.981466321165380767e-02
2.173027600131348881e+05 1.032186857035300301e-33 4.975384584275600180e-02
2.221207094615999958e+05 1.055859119339220683e-33 4.969607467392152256e-02
2.270454805486239493e+05 1.079419097523475316e-33 4.964716709545604484e-02
2.320794416806390800e+05 1.103145928731341060e-33 4.960402957738917901e-02
2.372250137754331517e+05 1.127439749748137057e-33 4.956325470376757303e-02
2.424846714264100010e+05 1.152314849018779548e-33 4.952480493390867128e-02
2.478609440926637326e+05 1.177785887253360437e-33 4.948864283642038370e-02
2.533564173154387390e+05 1.203262443434443410e-33 4.945968658337177720e-02
2.589737339615605888e+05 1.228374922640790141e-33 4.944034118897156632e-02
2.647155954944363912e+05 1.254054761310417964e-33 4.942275204344712819e-02
2.705847632732323837e+05 1.280315433190091519e-33 4.940688559974525801e-02
2.765840598808618961e+05 1.307170742160306001e-33 4.939270864133485373e-02
2.827163704814115190e+05 1.334464213186525427e-33 4.938081047528715406e-02
2.889846442076662206e+05 1.361315435771864619e-33 4.937416922913426959e-02
2.953918955793977366e+05 1.388744104208008679e-33 4.936889310307464307e-02
3.019412059530984261e+05 1.416763165379012972e-33 4.936495095202873135e-02
3.086357250038582133e+05 1.445385864396651442e-33 4.936231210180135748e-02
3.154786722400970757e+05 1.474625751592676140e-33 4.936094634978655665e-02
3.224733385518816067e+05 1.503095642004464286e-33 4.936297098409927336e-02
3.296230877935701283e+05 1.531976797965318432e-33 4.936633019768425779e-02
3.369313584015477099e+05 1.561447834310897426e-33 4.937072992649687436e-02
3.444016650478286901e+05 1.591521269057735559e-33 4.937614513530212690e-02
3.520376003303228063e+05 1.622209892597828142e-33 4.938255120229124301e-02
3.598428365005764063e+05 1.652708607351797581e-33 4.939171397906191169e-02
3.678211272298209951e+05 1.683346636485910201e-33 4.940271753175091290e-02
3.759763094141780166e+05 1.714582421847082524e-33 4.941451879291631349e-02
3.843123050198872224e+05 1.746428000269066328e-33 4.942709582855005224e-02
3.928331229694475187e+05 1.778895656143750345e-33 4.944042712021218255e-02
4.015428610695759999e+05 1.811341159098658556e-33 4.945537712316295381e-02
4.104457079819130013e+05 1.843369818722267054e-33 4.947233054570576716e-02
4.195459452374213724e+05 1.875992724462815318e-33 4.948985877359669133e-02
4.288479492954472080e+05 1.909221235355852100e-33 4.950794480922033475e-02
4.383561936484342441e+05 1.943066931960445681e-33 4.952657199375612440e-02
4.480752509733024053e+05 1.977356099818750731e-33 4.954599973967978993e-02
4.580097953305263654e+05 2.011134161146177927e-33 4.956757289636777586e-02
4.681646044119707658e+05 2.045512913511036189e-33 4.958958347052040000e-02
4.785445618385639391e+05 2.080503301913346667e-33 4.961201679752641480e-02
4.891546595089143375e+05 2.116116474096964616e-33 4.963485851942392446e-02
4.999999999999999418e+05 2.152363784350334630e-33 4.965809458090478939e-02
5.110857990210843273e+05 2.187683880367349202e-33 4.967975108676524199e-02
5.224173879220404197e+05 2.223412265603229970e-33 4.970151888325200634e-02
5.340002162572887028e+05 2.259746699283477589e-33 4.972362316356655071e-02
5.458398544065766037e+05 2.296697700584250203e-33 4.974605271933526390e-02
5.579419962538750842e+05 2.334275974150670259e-33 4.976879657197731677e-02
5.703124619256611913e+05 2.371624686069542507e-33 4.979277536384733166e-02
5.829572005899166688e+05 2.409098968922043445e-33 4.981754719073944876e-02
5.958822933171842014e+05 2.447184467721516838e-33 4.984257822957451067e-02
6.090939560050586006e+05 2.485891337286031587e-33 4.986785885549439162e-02
6.225985423675171332e+05 2.525229903278897974e-33 4.989337964355996385e-02
6.364025469905298669e+05 2.564519444119814922e-33 4.992178043543652605e-02
6.505126084554162808e+05 2.603349606206527990e-33 4.995447421747426647e-02
6.649355125314525794e+05 2.642785528108488911e-33 4.998732395350356100e-02
6.796781954392633634e+05 2.682836825357908556e-33 5.002032173514787267e-02
6.947477471865693806e+05 2.723513267935986247e-33 5.005345982113540426e-02
7.101514149778921856e+05 2.764631028987070183e-33 5.008690284796826764e-02
7.258966066998594906e+05 2.805196396203252646e-33 5.012152135369139089e-02
7.419908944837829331e+05 2.846372133478131133e-33 5.015627245334124129e-02
7.584420183472266654e+05 2.888167551722660458e-33 5.019114925061984867e-02
7.752578899163125316e+05 2.930592105181021785e-33 5.022614499162833535e-02
7.924465962305569556e+05 2.973655393652178135e-33 5.026125306266543413e-02
8.100164036320656305e+05 3.015778355077768990e-33 5.029436030977951777e-02
8.279757617409589002e+05 3.058316975278623987e-33 5.032731328151991007e-02
8.463333075189379742e+05 3.101469932431597098e-33 5.036036185208832283e-02
8.650978694229470566e+05 3.145246210741747428e-33 5.039350045371310954e-02
8.842784716509293066e+05 3.189654926891070514e-33 5.042672363322954487e-02
9.038843384817169281e+05 3.233822928900341393e-33 5.046077835502953135e-02
9.239248987111471361e+05 3.278115865250481340e-33 5.049534099690211608e-02
9.444097901865221793e+05 3.323027467897887489e-33 5.052999006531658233e-02
9.653488644416265888e+05 3.368566462752808075e-33 5.056472091339598435e-02
9.867521914344904944e+05 3.414741699550235267e-33 5.059952898547941114e-02
1.008630064390205080e+06 3.460076304711102184e-33 5.063513279642293391e-02
1.030993004751111497e+06 3.503687312204304184e-33 5.067195415528499836e-02
1.053851767236741027e+06 3.547856876250408747e-33 5.070887912882675319e-02
1.077217345015943283e+06 3.592592200328504153e-33 5.074590421427214310e-02
1.101100974993688986e+06 3.637900581164995357e-33 5.078302597011747493e-02
1.125514143215089105e+06 3.683789409943480162e-33 5.082024101524140747e-02
1.150468590389230056e+06 3.730266173530961319e-33 5.085754602802380203e-02
1.175976317535480484e+06 3.777338455719283387e-33 5.089493774547351745e-02
1.202049591754986905e+06 3.825013938483463858e-33 5.093241296236525328e-02
1.228700952130131656e+06 3.873300403255727310e-33 5.096996853038564951e-02
1.255943215754790930e+06 3.922205732216530988e-33 5.100760135728821948e-02
1.283789483898294857e+06 3.971737909602319751e-33 5.104530840605743525e-02
1.312253148306051269e+06 4.021905023030049395e-33 5.108308669408249958e-02
1.341347897639863426e+06 4.072715264839302834e-33 5.112093329233921568e-02
1.371087724061042536e+06 4.124176933451442872e-33 5.115884532458223749e-02
1.401486929959475994e+06 4.176298434746957222e-33 5.119681996654539685e-02
1.432560134831890697e+06 4.229088283460115170e-33 5.123485444515212678e-02
1.464322282312618569e+06 4.282555104592377558e-33 5.127294603773412118e-02
1.496788647360244999e+06 4.336707634843660998e-33 5.131109207126004212e-02
1.529974843603597721e+06 4.391554724062543576e-33 5.134928992157265781e-02
1.563896830850606784e+06 4.447105336715390806e-33 5.138753701263536894e-02
1.598570922763647977e+06 4.500861037217130362e-33 5.142822548732678412e-02
1.634013794705065899e+06 4.551339669938381616e-33 5.147274330391423541e-02
1.670242491756625473e+06 4.602391190609708037e-33 5.151740353749158230e-02
1.707274436916803708e+06 4.654022128335030046e-33 5.156220435226011728e-02
1.745127439479792956e+06 4.706239086752457570e-33 5.160714394069091521e-02
1.783819703600298148e+06 4.759048744885625388e-33 5.165222052314207696e-02
1.823369837048224639e+06 4.812457858005376734e-33 5.169743234747983113e-02
1.863796860157472547e+06 4.866473258500451339e-33 5.174277768870384070e-02
1.905120214973140275e+06 4.921101856759002751e-33 5.178825484857632611e-02
1.947359774601534940e+06 4.976350642059409510e-33 5.183386215525550428e-02
1.990535852767488454e+06 5.032226683471725393e-33 5.187959796293257347e-02
2.034669213583574863e+06 5.088737130769491593e-33 5.192546065147288920e-02
2.079781081535925390e+06 5.145889215351682320e-33 5.197144862606124099e-02
2.125893151691447012e+06 5.203690251175144397e-33 5.201756031685081383e-02
2.173027600131349172e+06 5.262147635698243143e-33 5.206379417861603520e-02
2.221207094616000075e+06 5.321268850834534241e-33 5.211014869040978686e-02
2.270454805486239493e+06 5.381061463918114694e-33 5.215662235522385004e-02
2.320794416806390509e+06 5.441533128679171509e-33 5.220321369965377767e-02
2.372250137754331343e+06 5.502691586231613161e-33 5.224992127356716670e-02
2.424846714264099952e+06 5.564544666071058210e-33 5.229674364977637130e-02
2.478609440926637035e+06 5.627100287085081858e-33 5.234367942371410259e-02
2.533564173154387157e+06 5.687935437497019078e-33 5.239048346918054322e-02
2.589737339615605772e+06 5.745622813613405925e-33 5.243709052685600197e-02
2.647155954944358673e+06 5.803902273690438433e-33 5.248390764736765579e-02
2.705847632732318249e+06 5.862779927595531672e-33 5.253093413156149222e-02
2.765840598808613140e+06 5.922261948456196111e-33 5.257816929211267531e-02
2.827163704814109020e+06 5.982354573316465888e-33 5.262561245336611765e-02
2.889846442076662090e+06 6.043064103800981547e-33 5.267326295117801677e-02
2.953918955793977249e+06 6.104396906784979708e-33 5.272112013275954273e-02
3.019412059530984145e+06 6.166359415072311462e-33 5.276918335652178160e-02
3.086357250038582366e+06 6.228958128079540138e-33 5.281745199192277446e-02
3.154786722400970757e+06 6.292199612527854313e-33 5.286592541931604827e-02
3.224733385518816300e+06 6.356090503142045474e-33 5.291460302980025010e-02
3.296230877935701516e+06 6.420637503356271857e-33 5.296348422507140413e-02
3.369313584015476983e+06 6.485847386028093907e-33 5.301256841727582797e-02
3.444016650478287134e+06 6.551726994158893589e-33 5.306185502886535954e-02
3.520376003303227946e+06 6.618283241622542748e-33 5.311134349245371505e-02
3.598428365005763713e+06 6.685523113901645867e-33 5.316103325067456781e-02
3.678211272298210301e+06 6.753453668830718164e-33 5.321092375604146579e-02
3.759763094141780399e+06 6.822082037348147798e-33 5.326101447080863749e-02
3.843123050198872574e+06 6.891415424255081095e-33 5.331130486683442748e-02
3.928331229694475420e+06 6.961461108982596510e-33 5.336179442544505130e-02
4.015428610695759766e+06 7.029729109281315245e-33 5.341504054380526861e-02
4.104457079819130246e+06 7.094763340405986905e-33 5.347253353882896326e-02
4.195459452374213375e+06 7.160408222727006103e-33 5.353033829933270121e-02
4.288479492954472080e+06 7.226669544469201275e-33 5.358845479094393599e-02
4.383561936484342441e+06 7.293553149156212665e-33 5.364688298249383619e-02
4.480752509733024053e+06 7.361064936142441099e-33 5.370562284594442015e-02
4.580097953305264004e+06 7.429210861150946796e-33 5.376467435631618330e-02
4.681646044119708240e+06 7.497996936815868194e-33 5.382403749161696060e-02
4.785445618385639973e+06 7.567429233230374810e-33 5.388371223277157313e-02
4.891546595089144073e+06 7.637513878499933811e-33 5.394369856355183540e-02
5.000000000000009313e+06 7.708257059300727451e-33 5.400399647050867225e-02
5.110857990210853517e+06 7.779665021444013711e-33 5.406460594290327104e-02
5.224173879220414907e+06 7.851744070445369589e-33 5.412552697264054469e-02
5.340002162572887726e+06 7.924500572099811911e-33 5.418675955420307333e-02
5.458398544065765105e+06 7.997940953062460373e-33 5.424830368458537222e-02
5.579419962538750842e+06 8.072071701434397995e-33 5.431015936322974857e-02
5.703124619256611913e+06 8.146899367355178149e-33 5.437232659196227641e-02
5.829572005899166688e+06 8.222430563600058240e-33 5.443480537492979832e-02
5.958822933171842247e+06 8.298671966183652813e-33 5.449759571853833584e-02
6.090939560050585307e+06 8.375630314969304059e-33 5.456069763139134027e-02
6.225985423675171100e+06 8.453312414283960363e-33 5.462411112422967813e-02
6.364025469905299135e+06 8.529425229459579662e-33 5.468887596230639220e-02
6.505126084554163739e+06 8.602635959938838342e-33 5.475563576492056134e-02
6.649355125314525329e+06 8.676488843005553556e-33 5.482280822418398453e-02
6.796781954392633401e+06 8.750989610136788373e-33 5.489039379962982329e-02
6.947477471865693107e+06 8.826144044801301293e-33 5.495839294754229637e-02
7.101514149778922088e+06 8.901957982938075988e-33 5.502680612091243040e-02
7.258966066998594441e+06 8.978437313440045700e-33 5.509563376939331791e-02
7.419908944837830029e+06 9.055587978642534707e-33 5.516487633925674927e-02
7.584420183472266421e+06 9.133415974815320717e-33 5.523453427335139193e-02
7.752578899163126014e+06 9.211927352660491311e-33 5.530460801106031055e-02
7.924465962305570021e+06 9.291128217813755729e-33 5.537509798826072832e-02
8.100164036320656538e+06 9.371024731351422065e-33 5.544600463728440592e-02
8.279757617409589700e+06 9.451623110301945102e-33 5.551732838687779142e-02
8.463333075189379975e+06 9.532929628161472779e-33 5.558906966216502210e-02
8.650978694229470566e+06 9.614950615415471329e-33 5.566122888460926788e-02
8.842784716509310529e+06 9.697692460063989148e-33 5.573380647197769683e-02
9.038843384817188606e+06 9.781161608153067762e-33 5.580680283830469213e-02
9.239248987111471593e+06 9.865364564309891414e-33 5.588021839385786532e-02
9.444097901865221560e+06 9.950307892283830594e-33 5.595405354510395168e-02
9.653488644416267052e+06 1.003599821549257074e-32 5.602830869467524677e-02
9.867521914344904944e+06 1.012244221757243391e-32 5.610298424133827733e-02
1.008630064390205219e+07 1.020726011598565581e-32 5.617795715476891355e-02
1.030993004751111567e+07 1.028907329295213757e-32 5.625319279616761842e-02
1.053851767236740887e+07 1.037156179237245421e-32 5.632889774801468769e-02
1.077217345015943237e+07 1.045473133562155626e-32 5.640507261315109988e-02
1.101100974993688986e+07 1.053858769375296196e-32 5.648171798687191825e-02
1.125514143215089105e+07 1.062313668794034274e-32 5.655883445689631472e-02
1.150468590389229916e+07 1.070838418992242595e-32 5.663642260334077194e-02
1.175976317535480484e+07 1.079433612245287049e-32 5.671448299869213949e-02
1.202049591754986905e+07 1.088099845975396185e-32 5.679301620778100246e-02
1.228700952130131610e+07 1.096837722797379663e-32 5.687202278775792263e-02
1.255943215754790977e+07 1.105647850564847434e-32 5.695150328806977691e-02
1.283789483898294903e+07 1.114530842416828639e-32 5.703145825043593603e-02
1.312253148306051269e+07 1.123487316824754517e-32 5.711188820882839162e-02
1.341347897639863566e+07 1.132517897639928078e-32 5.719279368944995418e-02
1.371087724061042629e+07 1.141623214141447278e-32 5.727417521071466455e-02
1.401486929959475994e+07 1.150803901084470582e-32 5.735603328323030797e-02
1.432560134831890650e+07 1.160060598749003497e-32 5.743836840977988717e-02
1.464322282312618382e+07 1.169393952989087297e-32 5.752118108530550333e-02
1.496788647360244952e+07 1.178804615282502700e-32 5.760447179689267422e-02
1.529974843603597768e+07 1.188293242780774455e-32 5.768824102375613022e-02
1.563896830850609951e+07 1.197860498359841704e-32 5.777248923722579088e-02
1.598570922763651237e+07 1.207277449126307047e-32 5.786120736536514569e-02
1.634013794705065712e+07 1.216412090850927244e-32 5.795668904595848575e-02
1.670242491756625287e+07 1.225618607443151996e-32 5.805278360553456363e-02
1.707274436916803569e+07 1.234897585210455146e-32 5.814949176319446356e-02
1.745127439479792863e+07 1.244249615405785667e-32 5.824681422371268819e-02
1.783819703600298241e+07 1.253675294270569460e-32 5.834475167753815777e-02
1.823369837048224732e+07 1.263175223078077765e-32 5.844330480079648615e-02
1.863796860157472640e+07 1.272750008177170251e-32 5.854247425529391508e-02
1.905120214973140135e+07 1.282400261036428802e-32 5.864226068852278206e-02
1.947359774601534754e+07 1.292126598288724283e-32 5.874266473366977770e-02
1.990535852767488360e+07 1.301929641776078341e-32 5.884368700962498006e-02
2.034669213583574817e+07 1.311810018595090111e-32 5.894532812099268632e-02
2.079781081535925344e+07 1.321768361142603491e-32 5.904758865810427748e-02
2.125893151691446826e+07 1.331805307161886769e-32 5.915046919703301903e-02
2.173027600131348893e+07 1.341921499789179545e-32 5.925397029960988854e-02
2.221207094615999982e+07 1.352117587600659488e-32 5.935809251344111720e-02
2.270454805486239493e+07 1.362394224659855770e-32 5.946283637192831956e-02
2.320794416806390882e+07 1.372752070565439903e-32 5.956820239428871344e-02
2.372250137754331529e+07 1.383191790499510060e-32 5.967419108557819873e-02
2.424846714264100045e+07 1.393714055276187660e-32 5.978080293671567125e-02
2.478609440926637128e+07 1.404319541390826759e-32 5.988803842450833581e-02
2.533564173154387251e+07 1.414783748014347198e-32 5.999413669614581807e-02
2.589737339615606144e+07 1.424977416154850064e-32 6.009813060788100902e-02
2.647155954944358766e+07 1.435248296473860843e-32 6.020275459961125369e-02
2.705847632732323930e+07 1.445597001578819945e-32 6.030800921650839030e-02
2.765840598808619007e+07 1.456024149143501616e-32 6.041389498758108906e-02
2.827163704814114794e+07 1.466530361951483756e-32 6.052041242569432961e-02
2.889846442076662183e+07 1.477116267939810126e-32 6.062756202759121693e-02
2.953918955793977529e+07 1.487782500243216922e-32 6.073534427391615725e-02
3.019412059530984238e+07 1.498529697238669429e-32 6.084375962923805475e-02
3.086357250038582087e+07 1.509358502590269810e-32 6.095280854207949656e-02
3.154786722400971130e+07 1.520269565294598684e-32 6.106249144494286379e-02
3.224733385518816486e+07 1.531263539726448097e-32 6.117280875434179255e-02
3.296230877935701609e+07 1.542341085684984446e-32 6.128376087083099027e-02
3.369313584015476704e+07 1.553502868440235464e-32 6.139534817904187397e-02
3.444016650478287041e+07 1.564749558780053973e-32 6.150757104771512052e-02
3.520376003303228319e+07 1.576081833057500107e-32 6.162042982973929550e-02
3.598428365005763620e+07 1.587500373238655971e-32 6.173392486218700487e-02
3.678211272298210114e+07 1.599005866950735336e-32 6.184805646635583437e-02
3.759763094141779840e+07 1.610599007530781499e-32 6.196282494780943478e-02
3.843123050198872387e+07 1.622280494074741191e-32 6.207823059641892627e-02
3.928331229694475234e+07 1.634051031486884708e-32 6.219427368640847303e-02
4.015428610695759952e+07 1.645692680327030444e-32 6.231435057993458398e-02
4.104457079819130152e+07 1.657080395827046249e-32 6.244040384454169895e-02
4.195459452374213934e+07 1.668551938104587490e-32 6.256719307714110612e-02
4.288479492954472452e+07 1.680107960149526246e-32 6.269471850217342435e-02
4.383561936484342813e+07 1.691749120289903910e-32 6.282298032300320800e-02
4.480752509733024240e+07 1.703476082237175622e-32 6.295197872200405942e-02
4.580097953305263817e+07 1.715289515131998237e-32 6.308171386063979313e-02
4.681646044119708240e+07 1.727190093590296100e-32 6.321218587955436397e-02
4.785445618385649472e+07 1.739178497749853947e-32 6.334339489865693784e-02
4.891546595089153945e+07 1.751255413317161323e-32 6.347534101721469257e-02
5.000000000000009686e+07 1.763421531614864876e-32 6.360802431394249612e-02
5.110857990210853517e+07 1.775677549629386229e-32 6.374144484709833025e-02
5.224173879220414907e+07 1.788024170059255284e-32 6.387560265457746522e-02
5.340002162572887540e+07 1.800462101363523712e-32 6.401049775401010389e-02
5.458398544065765291e+07 1.812992057810971331e-32 6.414613014285973358e-02
5.579419962538751215e+07 1.825614759529393499e-32 6.428249979852448948e-02
5.703124619256612659e+07 1.838330932555597904e-32 6.441960667843681099e-02
5.829572005899166316e+07 1.851141308885628254e-32 6.455745072016950969e-02
5.958822933171842247e+07 1.864046626525597748e-32 6.469603184153802089e-02
6.090939560050585866e+07 1.877047629542855902e-32 6.483534994070756785e-02
6.225985423675171286e+07 1.890145068117605318e-32 6.497540489630203309e-02
6.364025469905298948e+07 1.903102535440175506e-32 6.511747930642176885e-02
6.505126084554163367e+07 1.915784440779550723e-32 6.526231283269044725e-02
6.649355125314525515e+07 1.928557146902880419e-32 6.540792904701836497e-02
6.796781954392634332e+07 1.941421346983115018e-32 6.555432777763711694e-02
6.947477471865692735e+07 1.954377739768011155e-32 6.570150883098054007e-02
7.101514149778921902e+07 1.967427029626801201e-32 6.584947199181474808e-02
7.258966066998594999e+07 1.980569926597107213e-32 6.599821702337246854e-02
7.419908944837829471e+07 1.993807146432387470e-32 6.614774366748539525e-02
7.584420183472266793e+07 2.007139410649785343e-32 6.629805164471756773e-02
7.752578899163125455e+07 2.020567446578290720e-32 6.644914065450426011e-02
7.924465962305569649e+07 2.034091987407405022e-32 6.660101037528677603e-02
8.100164036320656538e+07 2.047713772236205259e-32 6.675366046465253111e-02
8.279757617409606278e+07 2.061433546122849826e-32 6.690709055947213768e-02
8.463333075189396739e+07 2.075252060134417651e-32 6.706130027604270682e-02
8.650978694229488075e+07 2.089170071397277215e-32 6.721628921022793079e-02
8.842784716509310901e+07 2.103188343147890460e-32 6.737205693759922009e-02
9.038843384817188978e+07 2.117307644783925700e-32 6.752860301358129536e-02
9.239248987111471593e+07 2.131528751915984693e-32 6.768592697359540611e-02
9.444097901865221560e+07 2.145852446419614078e-32 6.784402833320377080e-02
9.653488644416266680e+07 2.160279516487953960e-32 6.800290658825530743e-02
9.867521914344903827e+07 2.174810756684593966e-32 6.816256121503320997e-02
