4.015428610695759744e+03 2.001474099222908425e-40 3.710607842007560997e+00
4.104457079819130740e+03 3.674675272939511865e-40 2.992839259261194762e+00
4.195459452374213470e+03 6.770437791578707205e-40 2.294964011726577713e+00
4.288479492954472335e+03 1.227547736770740841e-39 1.667424898189251659e+00
4.383561936484342368e+03 1.927948571908743899e-39 1.393512590512580918e+00
4.480752509733024453e+03 2.860371910986281782e-39 1.200684103789488644e+00
4.580097953305264127e+03 4.235173091070739956e-39 1.016540581413073019e+00
4.681646044119707767e+03 5.855309609707808120e-39 1.199829297052463328e+00
4.785445618385639136e+03 8.160243953714321204e-39 1.357793376685764830e+00
4.891546595089143921e+03 1.107674887177517434e-38 1.527526769595359601e+00
4.999999999999999091e+03 1.517989259801887588e-38 1.460520548885166026e+00
5.110857990210843127e+03 2.081039028705434726e-38 1.390236085641968211e+00
5.224173879220409617e+03 2.853402894186581336e-38 1.319637786497130483e+00
5.340002162572882298e+03 3.820519770515539182e-38 1.163417070067570336e+00
5.458398544065759779e+03 5.075243532097633623e-38 9.966214366202988950e-01
5.579419962538745494e+03 6.753307632540788578e-38 8.160514350433076824e-01
5.703124619256606820e+03 8.762109847964349904e-38 6.978548371588101373e-01
5.829572005899161013e+03 1.124582670578195402e-37 5.932872217988738317e-01
5.958822933171836667e+03 1.432970617346744845e-37 4.892265148422276222e-01
6.090939560050579530e+03 1.781466158140234341e-37 4.263038271192172157e-01
6.225985423675165293e+03 2.200862520447108580e-37 3.741058326013750879e-01
6.364025469905292084e+03 2.711665564796646990e-37 3.224162185984976170e-01
6.505126084554156478e+03 3.257456011716867413e-37 2.909860860515079417e-01
6.649355125314518773e+03 3.887490504539805033e-37 2.662042242539716108e-01
6.796781954392633452e+03 4.639712586162433860e-37 2.413352009393970599e-01
6.947477471865693587e+03 5.469319171996380144e-37 2.212104157980195329e-01
7.101514149778922729e+03 6.372664618952932097e-37 2.040953381976885472e-01
7.258966066998594215e+03 7.425938498816060209e-37 1.869390589783604117e-01
7.419908944837829949e+03 8.574041593373108305e-37 1.737558374123804594e-01
7.584420183472267126e+03 9.841527933596202109e-37 1.632058430112273140e-01
7.752578899163125243e+03 1.124287050873964123e-36 1.528617067770729476e-01
7.924465962305569519e+03 1.275814613298862119e-36 1.445849311538576765e-01
8.100164036320657033e+03 1.440193851828355936e-36 1.380436534573432072e-01
8.279757617409590239e+03 1.625787977476611514e-36 1.315604043468804607e-01
8.463333075189379088e+03 1.821434290400635892e-36 1.257313515512007984e-01
8.650978694229470420e+03 2.028501649566200143e-36 1.206379951257576522e-01
8.842784716509291684e+03 2.259185606593634789e-36 1.155868351057455501e-01
9.038843384817178958e+03 2.507687988462629156e-36 1.112825508755306975e-01
9.239248987111461247e+03 2.767465205886701274e-36 1.078856742931893625e-01
9.444097901865212407e+03 3.051499583162354348e-36 1.044504575465675100e-01
9.653488644416256648e+03 3.356371715214582390e-36 1.014851516838614909e-01
9.867521914344893958e+03 3.675392739699704669e-36 9.932951462821229538e-02
1.008630064390205189e+04 4.021239951906353639e-36 9.711147720120413829e-02
1.030993004751111584e+04 4.385846929673275166e-36 9.499300765579821171e-02
1.053851767236741034e+04 4.763367162345188605e-36 9.343244770081948758e-02
1.077217345015943101e+04 5.173461294152451854e-36 9.188854204015504956e-02
1.101100974993688942e+04 5.611964060781391543e-36 9.051427865471090017e-02
1.125514143215089098e+04 6.060835782217296611e-36 8.960318478178225243e-02
1.150468590389229939e+04 6.530885200839590738e-36 8.840141895721778664e-02
1.175976317535480484e+04 7.032064929323208851e-36 8.729605746678162359e-02
1.202049591754986977e+04 7.543358207401998378e-36 8.664271273939079532e-02
1.228700952130131554e+04 8.091953490842314787e-36 8.599223647605096221e-02
1.255943215754790981e+04 8.676935126854170831e-36 8.538048669559697434e-02
1.283789483898294930e+04 9.254161331553559169e-36 8.477868262963719759e-02
1.312253148306051298e+04 9.867663750270425910e-36 8.414262317750052789e-02
1.341347897639863550e+04 1.052036230401084763e-35 8.351956694891619903e-02
1.371087724061042718e+04 1.117827578005192717e-35 8.315931948394951478e-02
1.401486929959476038e+04 1.187755991572741183e-35 8.279927436206457880e-02
1.432560134831890718e+04 1.260678957432776391e-35 8.227623833384280216e-02
1.464322282312618518e+04 1.332989376174664270e-35 8.187642190531120578e-02
1.496788647360244977e+04 1.409409052127400812e-35 8.148102077322898207e-02
1.529974843603597765e+04 1.490247918596514837e-35 8.108651218474775824e-02
1.563896830850606784e+04 1.572072800191074261e-35 8.086443252975140938e-02
1.598570922763648014e+04 1.657250393027893301e-35 8.058246575876235052e-02
1.634013794705062537e+04 1.745720996422983554e-35 8.018640348307261301e-02
1.670242491756621894e+04 1.834584405654281518e-35 7.991544793843456673e-02
1.707274436916800187e+04 1.927267654255627090e-35 7.966636950905321701e-02
1.745127439479789609e+04 2.024694373120614482e-35 7.941891440673645719e-02
1.783819703600294451e+04 2.123468769656889292e-35 7.923565764273421408e-02
1.823369837048220870e+04 2.224519931867748720e-35 7.895944307161148479e-02
1.863796860157468836e+04 2.330481997670393669e-35 7.868588218458442973e-02
1.905120214973136535e+04 2.437498467653549629e-35 7.850591738801206143e-02
1.947359774601530808e+04 2.547983070858973979e-35 7.836071253266205239e-02
1.990535852767484539e+04 2.663606871944716384e-35 7.821692606646442336e-02
2.034669213583570672e+04 2.778653885530636667e-35 7.798344465086558264e-02
2.079781081535921112e+04 2.896822526270565642e-35 7.776090949867160707e-02
2.125893151691446838e+04 3.020226190163374024e-35 7.753986797565759481e-02
2.173027600131349027e+04 3.145608581024953552e-35 7.736172084280426575e-02
2.221207094615999813e+04 3.274100921974766351e-35 7.721027851695221045e-02
2.270454805486239275e+04 3.406894220149235204e-35 7.700564715994070997e-02
2.320794416806390655e+04 3.541711542967740811e-35 7.680809388899055568e-02
2.372250137754331445e+04 3.679662686466861449e-35 7.663895920955282604e-02
2.424846714264099865e+04 3.823416772537251109e-35 7.646574222925252295e-02
2.478609440926637399e+04 3.970547467476859923e-35 7.631538736436926929e-02
2.533564173154387390e+04 4.119815985655623293e-35 7.616176337800185936e-02
2.589737339615606106e+04 4.273597490539319885e-35 7.596083796462976823e-02
2.647155954944358746e+04 4.431284567712253680e-35 7.577076899777793195e-02
2.705847632732318380e+04 4.591974555567193427e-35 7.559598048116467073e-02
2.765840598808613140e+04 4.759344090540002758e-35 7.540938100140215372e-02
2.827163704814115044e+04 4.931221899300321675e-35 7.521162301625974878e-02
2.889846442076662061e+04 5.103143025359440689e-35 7.497899861947156241e-02
2.953918955793977511e+04 5.282061288634002360e-35 7.473440982046196390e-02
3.019412059530984334e+04 5.465580454699270063e-35 7.449289830784633359e-02
3.086357250038582060e+04 5.649804807716846387e-35 7.427480162110808304e-02
3.154786722400971121e+04 5.841746191276182189e-35 7.403687142164522283e-02
3.224733385518816431e+04 6.037528153899205530e-35 7.377350290862692839e-02
3.296230877935701574e+04 6.240759435155343665e-35 7.349413728615383778e-02
3.369313584015476954e+04 6.452419344477183724e-35 7.319801121132350763e-02
3.444016650478287193e+04 6.664768755839437614e-35 7.291989973298010352e-02
3.520376003303228208e+04 6.884068887149869442e-35 7.262848009905628621e-02
3.598428365005763771e+04 7.108625595555982164e-35 7.232366939273258966e-02
3.678211272298209951e+04 7.340016229552268257e-35 7.200688243669668698e-02
3.759763094141780311e+04 7.580979570478199745e-35 7.167238065358561006e-02
3.843123050198872079e+04 7.828270261807285672e-35 7.133081822424307272e-02
3.928331229694475041e+04 8.077499221001478126e-35 7.099356823472553757e-02
4.015428610695759562e+04 8.333964401743598584e-35 7.064261476442013077e-02
4.104457079819130013e+04 8.595400833537958710e-35 7.028905628927520355e-02
4.195459452374214015e+04 8.867520959985699583e-35 6.991868233892260809e-02
4.288479492954472516e+04 9.150973753251594557e-35 6.953063681514048966e-02
4.383561936484342732e+04 9.436552930433262900e-35 6.913901198596041076e-02
4.480752509733024635e+04 9.730689113423949128e-35 6.873611020873129918e-02
4.580097953305263945e+04 1.002763065755359055e-34 6.835602159666825939e-02
4.681646044119707949e+04 1.033648735524595493e-34 6.796129782055919388e-02
4.785445618385639682e+04 1.065794622465835424e-34 6.755152017076641868e-02
4.891546595089143375e+04 1.098844970152080724e-34 6.713264059294468677e-02
4.999999999999999272e+04 1.132404526224738442e-34 6.670942751681049887e-02
5.110857990210843127e+04 1.166126001641292895e-34 6.631720220578783687e-02
5.224173879220404342e+04 1.201015505177959323e-34 6.591890930217120248e-02
5.340002162572876841e+04 1.237287436753796364e-34 6.550886954033845189e-02
5.458398544065754686e+04 1.275017748773301216e-34 6.508703186403402841e-02
5.579419962538739492e+04 1.313256050167314611e-34 6.466481924088887667e-02
5.703124619256600272e+04 1.351787659285979314e-34 6.426775004101041577e-02
5.829572005899154465e+04 1.391185078620036587e-34 6.388166424951446931e-02
5.958822933171829936e+04 1.432088677652678873e-34 6.348740738325892030e-02
6.090939560050573346e+04 1.474575448596259804e-34 6.308511464052345141e-02
6.225985423675158381e+04 1.518240179819754467e-34 6.267453658808162797e-02
6.364025469905285718e+04 1.561963183457335703e-34 6.227700659233598862e-02
6.505126084554163390e+04 1.606125318246707989e-34 6.190769172962718586e-02
6.649355125314525503e+04 1.651905624800660236e-34 6.153317034589948775e-02
6.796781954392633634e+04 1.699380929484384545e-34 6.115367580437280903e-02
6.947477471865693224e+04 1.748632390825908891e-34 6.076947397055897787e-02
7.101514149778922729e+04 1.798366490260762768e-34 6.038386443435156403e-02
7.258966066998594033e+04 1.847787500159821177e-34 6.003881666673067941e-02
7.419908944837830495e+04 1.898938456985011171e-34 5.969138554949207642e-02
7.584420183472266945e+04 1.951895490620359778e-34 5.934182219446483553e-02
7.752578899163125607e+04 2.006738627409609143e-34 5.899039840083311614e-02
7.924465962305568974e+04 2.063054965840844601e-34 5.864032673068846069e-02
8.100164036320656305e+04 2.118237215422409324e-34 5.833668324455704157e-02
8.279757617409589875e+04 2.174981805755346324e-34 5.803753474322280448e-02
8.463333075189379451e+04 2.233630644183368080e-34 5.773790602535941452e-02
8.650978694229488610e+04 2.294261902380193531e-34 5.743802549614818176e-02
8.842784716509310238e+04 2.356957412153178050e-34 5.713813356462572879e-02
9.038843384817188780e+04 2.418846075062240009e-34 5.687746175855690894e-02
9.239248987111471070e+04 2.481534541829397796e-34 5.663408159805882747e-02
9.444097901865221502e+04 2.546218534077425468e-34 5.639115138103315689e-02
9.653488644416266470e+04 2.612973990348515365e-34 5.614883802679417751e-02
9.867521914344903780e+04 2.681880099682525996e-34 5.590731484067922030e-02
1.008630064390205080e+05 2.751006733824576598e-34 5.567891214017407081e-02
1.030993004751111584e+05 2.819090111149794152e-34 5.547034063043860402e-02
1.053851767236740998e+05 2.889223449768153188e-34 5.526280562777195760e-02
1.077217345015943138e+05 2.961479496897866572e-34 5.505644153645283811e-02
1.101100974993688869e+05 3.035933872083315188e-34 5.485138602708663352e-02
1.125514143215089134e+05 3.112197494932851052e-34 5.465246222636097051e-02
1.150468590389229939e+05 3.187839482326312979e-34 5.448340858112592916e-02
1.175976317535480484e+05 3.265651347549501711e-34 5.431592879748620151e-02
1.202049591754987050e+05 3.345704545370373046e-34 5.415009749427068808e-02
1.228700952130131627e+05 3.428073115622255185e-34 5.398599056156929560e-02
1.255943215754790872e+05 3.512833782101496665e-34 5.382368502561553358e-02
1.283789483898295002e+05 3.594351245165543772e-34 5.368836915768187418e-02
1.312253148306051153e+05 3.677382163751324119e-34 5.355754908732399816e-02
1.341347897639863368e+05 3.762668375951901725e-34 5.342820082631032086e-02
1.371087724061042536e+05 3.850279652676704872e-34 5.330037963114807320e-02
1.401486929959476111e+05 3.940288118124846249e-34 5.317414124181561036e-02
1.432560134831890755e+05 4.030314068376472721e-34 5.306507001265816509e-02
1.464322282312618336e+05 4.121304321026152825e-34 5.296615834023939151e-02
1.496788647360244941e+05 4.214649459794555772e-34 5.286871928545123361e-02
1.529974843603597838e+05 4.310417503130451690e-34 5.277277396858492259e-02
1.563896830850606784e+05 4.408678589679593968e-34 5.267834374726033247e-02
1.598570922763647977e+05 4.507010475597315962e-34 5.258485405546933777e-02
1.634013794705062464e+05 4.603879450604609795e-34 5.249193047708693854e-02
1.670242491756622039e+05 4.703120279366851831e-34 5.240049489872558586e-02
1.707274436916800041e+05 4.804797309008652892e-34 5.231056532007589271e-02
1.745127439479789464e+05 4.908976760915185697e-34 5.222215971450903937e-02
1.783819703600294597e+05 5.015125587125060167e-34 5.213772074704929593e-02
1.823369837048220797e+05 5.120135431435480489e-34 5.206938832106667442e-02
1.863796860157468764e+05 5.227600944560011356e-34 5.200240305527726453e-02
1.905120214973136317e+05 5.337584741605513599e-34 5.193676434253941682e-02
1.947359774601530808e+05 5.450151136480413901e-34 5.187247169411776659e-02
1.990535852767488395e+05 5.565366189936202471e-34 5.180952472559473276e-02
2.034669213583574747e+05 5.676532511814907277e-34 5.176769757425911389e-02
2.079781081535925332e+05 5.789333857339815646e-34 5.172914255860533439e-02
2.125893151691446838e+05 5.904630462382163790e-34 5.169143549879755967e-02
2.173027600131348881e+05 6.022482345258493896e-34 5.165457617666987383e-02
2.221207094615999958e+05 6.142951056425636470e-34 5.161856450781518446e-02
2.270454805486239493e+05 6.263298980752809338e-34 5.159209652774087579e-02
2.320794416806390800e+05 6.384639812484105212e-34 5.157117517234102028e-02
2.372250137754331517e+05 6.508553185330943463e-34 5.155090908213465217e-02
2.424846714264100010e+05 6.635097610510526639e-34 5.153129147284452732e-02
2.478609440926637326e+05 6.764333000640523723e-34 5.151231578856040050e-02
2.533564173154387390e+05 6.893633244727843840e-34 5.149489770231709812e-02
2.589737339615605888e+05 7.021376522124222923e-34 5.147948647916775200e-02
2.647155954944363912e+05 7.151703334061606321e-34 5.146461902136054145e-02
2.705847632732323837e+05 7.284669547804104060e-34 5.145028949765498294e-02
2.765840598808618961e+05 7.420332298836877997e-34 5.143649226580097877e-02
2.827163704814115190e+05 7.558002557794948880e-34 5.142467892501863258e-02
2.889846442076662206e+05 7.693827413947292798e-34 5.142213434605160532e-02
2.953918955793977366e+05 7.832277515226186513e-34 5.141999133852320769e-02
3.019412059530984261e+05 7.973406510840570148e-34 5.141824133523193591e-02
3.086357250038582133e+05 8.117269193534744865e-34 5.141687600649989809e-02
3.154786722400970757e+05 8.263921524730476064e-34 5.141588725632181139e-02
3.224733385518816067e+05 8.406729938907561436e-34 5.142139297911548640e-02
3.296230877935701283e+05 8.551359205823409409e-34 5.142794138564767831e-02
3.369313584015477099e+05 8.698656405958919026e-34 5.143477805134902270e-02
3.444016650478286901e+05 8.848673435761921858e-34 5.144189543855374330e-02
3.520376003303228063e+05 9.001463242302977691e-34 5.144928620669712849e-02
3.598428365005764063e+05 9.153926531193785449e-34 5.146215757649132139e-02
3.678211272298209951e+05 9.307343370103435552e-34 5.147815006755256800e-02
3.759763094141780166e+05 9.463486512745110046e-34 5.149433628312161115e-02
3.843123050198872224e+05 9.622406583606105178e-34 5.151070807836997945e-02
3.928331229694475187e+05 9.784155179517638131e-34 5.152725751281869715e-02
4.015428610695759999e+05 9.945905987309654094e-34 5.154474851508774463e-02
4.104457079819130013e+05 1.010594058739399296e-33 5.156355278919456248e-02
4.195459452374213724e+05 1.026869558273127419e-33 5.158244627435307206e-02
4.288479492954472080e+05 1.043421915272446522e-33 5.160142279754536404e-02
4.383561936484342441e+05 1.060256035747247633e-33 5.162047635654465338e-02
4.480752509733024053e+05 1.077304879105287941e-33 5.164054133330777535e-02
4.580097953305263654e+05 1.094198666628302735e-33 5.166635047710015083e-02
4.681646044119707658e+05 1.111369853689485619e-33 5.169219918443032635e-02
4.785445618385639391e+05 1.128823150528267335e-33 5.171808121491940774e-02
4.891546595089143375e+05 1.146563349484041729e-33 5.174399049151792718e-02
4.999999999999999418e+05 1.164595326457334825e-33 5.176992109794945757e-02
5.110857990210843273e+05 1.182179702157203972e-33 5.180663600626423532e-02
5.224173879220404197e+05 1.199950060376700778e-33 5.184457923018694070e-02
5.340002162572887028e+05 1.217999674632537619e-33 5.188243484157015195e-02
5.458398544065766037e+05 1.236333078015253038e-33 5.192019777521836299e-02
5.579419962538750842e+05 1.254954879086544614e-33 5.195786310921324952e-02
5.703124619256611913e+05 1.273533753019174836e-33 5.199905937212320750e-02
5.829572005899166688e+05 1.292208177946040195e-33 5.204219145799358903e-02
5.958822933171842014e+05 1.311166821344235568e-33 5.208523066626027237e-02
6.090939560050586006e+05 1.330414123971707761e-33 5.212817207286350729e-02
6.225985423675171332e+05 1.349954597411221431e-33 5.217101088267134951e-02
6.364025469905298669e+05 1.369471896417333608e-33 5.221230081377333659e-02
6.505126084554162808e+05 1.388776389449881157e-33 5.225126670411062157e-02
6.649355125314525794e+05 1.408362902321647797e-33 5.229015329116539629e-02
6.796781954392633634e+05 1.428235659706126728e-33 5.232895666553897401e-02
6.947477471865693806e+05 1.448398950816198990e-33 5.236767301638943495e-02
7.101514149778921856e+05 1.468781707829447061e-33 5.240700243284972942e-02
7.258966066998594906e+05 1.488997847399658792e-33 5.245050967056850977e-02
7.419908944837829331e+05 1.509500681109535131e-33 5.249394320909761547e-02
7.584420183472266654e+05 1.530294356934624926e-33 5.253729935673676077e-02
7.752578899163125316e+05 1.551383083803441754e-33 5.258057450860700172e-02
7.924465962305569556e+05 1.572771132504829307e-33 5.262376514524846893e-02
8.100164036320656305e+05 1.593764738367015662e-33 5.266897062976480526e-02
8.279757617409589002e+05 1.614960657049433264e-33 5.271434224742339164e-02
8.463333075189379742e+05 1.636446325641265522e-33 5.275962216308442004e-02
8.650978694229470566e+05 1.658225778472681759e-33 5.280480740072521911e-02
8.842784716509293066e+05 1.680303106852006077e-33 5.284989505318547082e-02
9.038843384817169281e+05 1.702321442282328328e-33 5.289774236454703599e-02
9.239248987111471361e+05 1.724431203021179156e-33 5.294711307454663674e-02
9.444097901865221793e+05 1.746834875980190395e-33 5.299641504073249881e-02
9.653488644416265888e+05 1.769536424998156354e-33 5.304564540482900603e-02
9.867521914344904944e+05 1.792539867956708164e-33 5.309480137032570463e-02
1.008630064390205080e+06 1.815210484032335746e-33 5.314742793143342747e-02
1.030993004751111497e+06 1.837169907152523509e-33 5.320551693790576131e-02
1.053851767236741027e+06 1.859399983476606342e-33 5.326357559769580308e-02
1.077217345015943283e+06 1.881904082947890292e-33 5.332160142258292324e-02
1.101100974993688986e+06 1.904685617766307689e-33 5.337959197140308698e-02
1.125514143215089105e+06 1.927748042921334783e-33 5.343754484932279614e-02
1.150468590389230056e+06 1.951094856731644576e-33 5.349545770712189202e-02
1.175976317535480484e+06 1.974729601391749048e-33 5.355332824048662788e-02
1.202049591754986905e+06 1.998655863525427883e-33 5.361115418931140103e-02
1.228700952130131656e+06 2.022877274746209885e-33 5.366893333700903379e-02
1.255943215754790930e+06 2.047397512224986436e-33 5.372666350983112266e-02
1.283789483898294857e+06 2.072220299264845610e-33 5.378434257619658931e-02
1.312253148306051269e+06 2.097349405883110524e-33 5.384196844602988363e-02
1.341347897639863426e+06 2.122788649400874425e-33 5.389953907010698597e-02
1.371087724061042536e+06 2.148541895039851205e-33 5.395705243941106150e-02
1.401486929959475994e+06 2.174613056527036031e-33 5.401450658449691994e-02
1.432560134831890697e+06 2.201006096706784024e-33 5.407189957486337184e-02
1.464322282312618569e+06 2.227725028160798623e-33 5.412922951833449431e-02
1.496788647360244999e+06 2.254773913835991983e-33 5.418649456045013940e-02
1.529974843603597721e+06 2.282156867680204407e-33 5.424369288386320792e-02
1.563896830850606784e+06 2.309878055286136577e-33 5.430082270774735237e-02
1.598570922763647977e+06 2.336854616864747301e-33 5.436182029532223015e-02
1.634013794705065899e+06 2.362445093080968287e-33 5.442894083236354125e-02
1.670242491756625473e+06 2.388319410410170575e-33 5.449611234183988212e-02
1.707274436916803708e+06 2.414480734084507070e-33 5.456333330199254067e-02
1.745127439479792956e+06 2.440932264733850511e-33 5.463060221514691450e-02
1.783819703600298148e+06 2.467677238782391730e-33 5.469791760736878589e-02
1.823369837048224639e+06 2.494718928849828395e-33 5.476527802812462126e-02
1.863796860157472547e+06 2.522060644156861641e-33 5.483268204994653366e-02
1.905120214973140275e+06 2.549705730935471359e-33 5.490012826810100610e-02
1.947359774601534940e+06 2.577657572843602013e-33 5.496761530026206960e-02
1.990535852767488454e+06 2.605919591384573046e-33 5.503514178618854058e-02
2.034669213583574863e+06 2.634495246331259727e-33 5.510270638740540072e-02
2.079781081535925390e+06 2.663388036154913063e-33 5.517030778688899323e-02
2.125893151691447012e+06 2.692601498458921197e-33 5.523794468875705549e-02
2.173027600131349172e+06 2.722139210417345014e-33 5.530561581796130527e-02
2.221207094616000075e+06 2.752004789218395918e-33 5.537331991998537678e-02
2.270454805486239493e+06 2.782201892512958078e-33 5.544105576054600415e-02
2.320794416806390509e+06 2.812734218868022752e-33 5.550882212529809068e-02
2.372250137754331343e+06 2.843605508225360708e-33 5.557661781954426061e-02
2.424846714264099952e+06 2.874819542365220645e-33 5.564444166794697832e-02
2.478609440926637035e+06 2.906380145375272904e-33 5.571229251424562184e-02
2.533564173154387157e+06 2.937236741709929259e-33 5.578339044120733670e-02
2.589737339615605772e+06 2.966771054221942552e-33 5.585961022881456850e-02
2.647155954944358673e+06 2.996605696780164079e-33 5.593599106545198846e-02
2.705847632732318249e+06 3.026743737492796024e-33 5.601253203194157121e-02
2.765840598808613140e+06 3.057188275888147690e-33 5.608923222142186277e-02
2.827163704814109020e+06 3.087942443236932094e-33 5.616609073918915618e-02
2.889846442076662090e+06 3.119009402877947434e-33 5.624310670254186600e-02
2.953918955793977249e+06 3.150392350547058592e-33 5.632027924062665836e-02
3.019412059530984145e+06 3.182094514709580609e-33 5.639760749428508052e-02
3.086357250038582366e+06 3.214119156896045674e-33 5.647509061590390983e-02
3.154786722400970757e+06 3.246469572041494569e-33 5.655272776926503764e-02
3.224733385518816300e+06 3.279149088828139983e-33 5.663051812939954438e-02
3.296230877935701516e+06 3.312161070031687030e-33 5.670846088244090033e-02
3.369313584015476983e+06 3.345508912871050269e-33 5.678655522548244072e-02
3.444016650478287134e+06 3.379196049361859296e-33 5.686480036643405678e-02
3.520376003303227946e+06 3.413225946673387526e-33 5.694319552388305700e-02
3.598428365005763713e+06 3.447602107489358496e-33 5.702173992695406396e-02
3.678211272298210301e+06 3.482328070372278673e-33 5.710043281517355324e-02
3.759763094141780399e+06 3.517407410131601258e-33 5.717927343833280329e-02
3.843123050198872574e+06 3.552843738195701138e-33 5.725826105635490465e-02
3.928331229694475420e+06 3.588640702987598719e-33 5.733739493916286539e-02
4.015428610695759766e+06 3.623672386259877472e-33 5.742169545036426154e-02
4.104457079819130246e+06 3.657280500804375226e-33 5.751402759228646522e-02
4.195459452374213375e+06 3.691204361338166401e-33 5.760664009114564027e-02
4.288479492954472080e+06 3.725446955213395858e-33 5.769953234228083344e-02
4.383561936484342441e+06 3.760011298192726067e-33 5.779270374653779074e-02
4.480752509733024053e+06 3.794900434720838682e-33 5.788615371020995604e-02
4.580097953305264004e+06 3.830117438198332967e-33 5.797988164497770019e-02
4.681646044119708240e+06 3.865665411258532196e-33 5.807388696785028420e-02
4.785445618385639973e+06 3.901547486046684840e-33 5.816816910110696875e-02
4.891546595089144073e+06 3.937766824502027887e-33 5.826272747223928267e-02
5.000000000000009313e+06 3.974326618642539861e-33 5.835756151389540070e-02
5.110857990210853517e+06 4.011230090852228897e-33 5.845267066382147519e-02
5.224173879220414907e+06 4.048480494171458113e-33 5.854805436480726294e-02
5.340002162572887726e+06 4.086081112589920989e-33 5.864371206463089847e-02
5.458398544065765105e+06 4.124035261342341348e-33 5.873964321600365357e-02
5.579419962538750842e+06 4.162346287207261929e-33 5.883584727651702123e-02
5.703124619256611913e+06 4.201017568808387197e-33 5.893232370858796088e-02
5.829572005899166688e+06 4.240052516919033905e-33 5.902907197940757134e-02
5.958822933171842247e+06 4.279454574769520421e-33 5.912609156088778628e-02
6.090939560050585307e+06 4.319227218357353854e-33 5.922338192961044967e-02
6.225985423675171100e+06 4.359373956760476373e-33 5.932094256677576671e-02
6.364025469905299135e+06 4.398868058913053221e-33 5.941958422324659927e-02
6.505126084554163739e+06 4.437112714243880422e-33 5.951982245960789342e-02
6.649355125314525329e+06 4.475696021854491515e-33 5.962042878809239999e-02
6.796781954392633401e+06 4.514621019666882337e-33 5.972140287010394705e-02
6.947477471865693107e+06 4.553890773158794795e-33 5.982274436714589416e-02
7.101514149778922088e+06 4.593508375616076490e-33 5.992445294081252816e-02
7.258966066998594441e+06 4.633476948387645875e-33 6.002652825278222137e-02
7.419908944837830029e+06 4.673799641142607943e-33 6.012896996481058298e-02
7.584420183472266421e+06 4.714479632129848194e-33 6.023177773872301355e-02
7.752578899163126014e+06 4.755520128440032334e-33 6.033495123640775226e-02
7.924465962305570021e+06 4.796924366269878991e-33 6.043849011981054786e-02
8.100164036320656538e+06 4.838695611189162494e-33 6.054239405092737975e-02
8.279757617409589700e+06 4.880837158409966079e-33 6.064666269179905256e-02
8.463333075189379975e+06 4.923352333058394204e-33 6.075129570450572142e-02
8.650978694229470566e+06 4.966244490449047103e-33 6.085629275116066772e-02
8.842784716509310529e+06 5.009517016361705382e-33 6.096165349390534477e-02
9.038843384817188606e+06 5.053173327320971861e-33 6.106737759490549200e-02
9.239248987111471593e+06 5.097216870878056405e-33 6.117346471634416832e-02
9.444097901865221560e+06 5.141651125895515256e-33 6.127991452041930270e-02
9.653488644416267052e+06 5.186479602834540489e-33 6.138672666933767119e-02
9.867521914344904944e+06 5.231705844044694881e-33 6.149390082531116380e-02
1.008630064390205219e+07 5.276223592814723762e-33 6.160522198949591743e-02
1.030993004751111567e+07 5.319391819944535391e-33 6.172285762501032724e-02
1.053851767236740887e+07 5.362922174012012689e-33 6.184096682725321453e-02
1.077217345015943237e+07 5.406817753515576957e-33 6.195954930174968345e-02
1.101100974993688986e+07 5.451081683929223792e-33 6.207860475032297987e-02
1.125514143215089105e+07 5.495717117940986725e-33 6.219813287112420375e-02
1.150468590389229916e+07 5.540727235693571918e-33 6.231813335866355497e-02
1.175976317535480484e+07 5.586115245027220017e-33 6.243860590384185671e-02
1.202049591754986905e+07 5.631884381724660376e-33 6.255955019398083683e-02
1.228700952130131610e+07 5.678037909758267815e-33 6.268096591285528263e-02
1.255943215754790977e+07 5.724579121539562848e-33 6.280285274072416879e-02
1.283789483898294903e+07 5.771511338170764605e-33 6.292521035436189625e-02
1.312253148306051269e+07 5.818837909698741278e-33 6.304803842708878170e-02
1.341347897639863566e+07 5.866562215371138475e-33 6.317133662880397571e-02
1.371087724061042629e+07 5.914687663894915358e-33 6.329510462601592446e-02
1.401486929959475994e+07 5.963217693697016956e-33 6.341934208187366417e-02
1.432560134831890650e+07 6.012155773187699214e-33 6.354404865619821263e-02
1.464322282312618382e+07 6.061505401025852682e-33 6.366922400551486283e-02
1.496788647360244952e+07 6.111270106386911894e-33 6.379486778308311734e-02
1.529974843603597768e+07 6.161453449233261497e-33 6.392097963892966195e-02
1.563896830850609951e+07 6.212059020586823703e-33 6.404755921987867473e-02
1.598570922763651237e+07 6.261936008082453555e-33 6.417608433820319591e-02
1.634013794705065712e+07 6.310420209601309901e-33 6.430741650402621579e-02
1.670242491756625287e+07 6.359292581216845758e-33 6.443928524318658091e-02
1.707274436916803569e+07 6.408556318107189375e-33 6.457169020434579132e-02
1.745127439479792863e+07 6.458214642387080630e-33 6.470463102985950232e-02
1.783819703600298241e+07 6.508270803339506762e-33 6.483810735583420137e-02
1.823369837048224732e+07 6.558728077649452362e-33 6.497211881218355189e-02
1.863796860157472640e+07 6.609589769639881325e-33 6.510666502268316891e-02
1.905120214973140135e+07 6.660859211509235038e-33 6.524174560502690734e-02
1.947359774601534754e+07 6.712539763571901496e-33 6.537736017088263685e-02
1.990535852767488360e+07 6.764634814499869492e-33 6.551350832594710072e-02
2.034669213583574817e+07 6.817147781567116989e-33 6.565018967000296746e-02
2.079781081535925344e+07 6.870082110895823636e-33 6.578740379697255169e-02
2.125893151691446826e+07 6.923441277704957560e-33 6.592515029497406087e-02
2.173027600131348893e+07 6.977228786560746516e-33 6.606342874637648188e-02
2.221207094615999982e+07 7.031448171629735425e-33 6.620223872785567509e-02
2.270454805486239493e+07 7.086102996933681737e-33 6.634157981044773444e-02
2.320794416806390882e+07 7.141196856606964663e-33 6.648145155960455410e-02
2.372250137754331529e+07 7.196733375156051176e-33 6.662185353524958942e-02
2.424846714264100045e+07 7.252716207721317141e-33 6.676278529183045374e-02
2.478609440926637128e+07 7.309149040341250916e-33 6.690424637837436017e-02
2.533564173154387251e+07 7.365077644416758402e-33 6.705217556001856483e-02
2.589737339615606144e+07 7.419953451512634707e-33 6.720994628764993817e-02
2.647155954944358766e+07 7.475256804541964197e-33 6.736837933989681115e-02
2.705847632732323930e+07 7.530991160837953306e-33 6.752747402290890100e-02
2.765840598808619007e+07 7.587160006560664983e-33 6.768722963306354756e-02
2.827163704814114794e+07 7.643766856943180585e-33 6.784764545707357153e-02
2.889846442076662183e+07 7.700815256540093604e-33 6.800872077209586808e-02
2.953918955793977529e+07 7.758308779477972617e-33 6.817045484583846016e-02
3.019412059530984238e+07 7.816251029708080802e-33 6.833284693666891174e-02
3.086357250038582087e+07 7.874645641261531326e-33 6.849589629372099253e-02
3.154786722400971130e+07 7.933496278506212121e-33 6.865960215700109281e-02
3.224733385518816486e+07 7.992806636406364121e-33 6.882396375749313955e-02
3.296230877935701609e+07 8.052580440784021943e-33 6.898898031726513613e-02
3.369313584015476704e+07 8.112821448583247607e-33 6.915465104957373155e-02
3.444016650478287041e+07 8.173533448136083018e-33 6.932097515896828988e-02
3.520376003303228319e+07 8.234720259431473381e-33 6.948795184139416881e-02
3.598428365005763620e+07 8.296385734385680849e-33 6.965558028429644222e-02
3.678211272298210114e+07 8.358533757115856578e-33 6.982385966672219335e-02
3.759763094141779840e+07 8.421168244215757148e-33 6.999278915942183654e-02
3.843123050198872387e+07 8.484293145033510927e-33 7.016236792495167407e-02
3.928331229694475234e+07 8.547912441952344408e-33 7.033259511777352480e-02
4.015428610695759952e+07 8.610849718468824883e-33 7.050196244957830649e-02
4.104457079819130152e+07 8.672428648068708289e-33 7.066963785906228701e-02
4.195459452374213934e+07 8.734472281592473942e-33 7.083796114164078728e-02
4.288479492954472452e+07 8.796984283714370023e-33 7.100693136697301677e-02
4.383561936484342813e+07 8.859968349024696042e-33 7.117654759510021190e-02
4.480752509733024240e+07 8.923428202280475152e-33 7.134680887655553416e-02
4.580097953305263817e+07 8.987367598657813775e-33 7.151771425247042957e-02
4.681646044119708240e+07 9.051790324007271821e-33 7.168926275468473497e-02
4.785445618385649472e+07 9.116700195110568529e-33 7.186145340585030350e-02
4.891546595089153945e+07 9.182101059939985523e-33 7.203428521954012564e-02
5.000000000000009686e+07 9.247996797919797932e-33 7.220775720035237100e-02
5.110857990210853517e+07 9.314391320189999028e-33 7.238186834401663661e-02
5.224173879220414907e+07 9.381288569872325251e-33 7.255661763749825244e-02
5.340002162572887540e+07 9.448692522338198429e-33 7.273200405910136557e-02
5.458398544065765291e+07 9.516607185479637551e-33 7.290802657857384239e-02
5.579419962538751215e+07 9.585036599981777111e-33 7.308468415720825728e-02
5.703124619256612659e+07 9.653984839598129197e-33 7.326197574794544864e-02
5.829572005899166316e+07 9.723456011428095329e-33 7.343990029547427245e-02
5.958822933171842247e+07 9.793454256196925086e-33 7.361845673633493625e-02
6.090939560050585866e+07 9.863983748537743850e-33 7.379764399901567185e-02
6.225985423675171286e+07 9.935048697276470716e-33 7.397746100405486191e-02
6.364025469905298948e+07 1.000551244806534194e-32 7.415881717432701303e-02
6.505126084554163367e+07 1.007472329124139097e-32 7.434223738901450662e-02
6.649355125314525515e+07 1.014444428824845838e-32 7.452631852083320407e-02
6.796781954392634332e+07 1.021467939389550939e-32 7.471105934005874138e-02
6.947477471865692735e+07 1.028543259482060939e-32 7.489645860750560047e-02
7.101514149778921902e+07 1.035670790975458560e-32 7.508251507464713814e-02
7.258966066998594999e+07 1.042850938978549075e-32 7.526922748373086891e-02
7.419908944837829471e+07 1.050084111862659312e-32 7.545659456789283182e-02
7.584420183472266793e+07 1.057370721288554905e-32 7.564461505127284546e-02
7.752578899163125455e+07 1.064711182233680634e-32 7.583328764912866671e-02
7.924465962305569649e+07 1.072105913019552523e-32 7.602261106794992729e-02
8.100164036320656538e+07 1.079555335339410221e-32 7.621258400556810142e-02
8.279757617409606278e+07 1.087059874286135004e-32 7.640320515127020651e-02
8.463333075189396739e+07 1.094619958380312140e-32 7.659447318590867360e-02
8.650978694229488075e+07 1.102236019598646460e-32 7.678638678201091250e-02
8.842784716509310901e+07 1.109908493402515183e-32 7.697894460388869653e-02
9.038843384817188978e+07 1.117637818766838634e-32 7.717214530774792192e-02
9.239248987111471593e+07 1.125424438209109559e-32 7.736598754179285775e-02
9.444097901865221560e+07 1.133268797818779486e-32 7.756046994633596092e-02
9.653488644416266680e+07 1.141171347286786700e-32 7.775559115390291709e-02
9.867521914344903827e+07 1.149132539935370520e-32 7.795134978933641878e-02
