4.015428610695759744e+03 2.794871133973739410e-42 9.293589023188181031e+00
4.104457079819130740e+03 6.997973615285748466e-42 7.061038133482562706e+00
4.195459452374213470e+03 1.754881287095241951e-41 4.726589737802925129e+00
4.288479492954472335e+03 4.250042694011222401e-41 2.520381890850040829e+00
4.383561936484342368e+03 7.819449577471520599e-41 1.974754883203692080e+00
4.480752509733024453e+03 2.133270491876638577e-40 1.015501669958032149e+00
4.580097953305264127e+03 3.617618441788391027e-40 7.964161655006141149e-01
4.681646044119707767e+03 5.721706278156522095e-40 6.863708869274450786e-01
4.785445618385639136e+03 9.119380392742849433e-40 5.828465464189160894e-01
4.891546595089143921e+03 1.337203448563150424e-39 5.278510735370040008e-01
4.999999999999999091e+03 1.871771253613872916e-39 6.011056934733411961e-01
5.110857990210843127e+03 2.623963528840762705e-39 6.677015971292121765e-01
5.224173879220409617e+03 3.684928077622054178e-39 7.233543209226395154e-01
5.340002162572882298e+03 5.015878676477032057e-39 6.982503439311193993e-01
5.458398544065759779e+03 6.686838810425393327e-39 6.770278856642172327e-01
5.579419962538745494e+03 8.918693314801321267e-39 6.532545404296579150e-01
5.703124619256606820e+03 1.183530771695236576e-38 5.937042611021955407e-01
5.829572005899161013e+03 1.543257713541103774e-38 5.326819181969330019e-01
5.958822933171836667e+03 1.975594828280857802e-38 4.724070798284086825e-01
6.090939560050579530e+03 2.501849637446420936e-38 4.245062663221883525e-01
6.225985423675165293e+03 3.160212610274909323e-38 3.788458452218961825e-01
6.364025469905292084e+03 3.966948614546832151e-38 3.323480776373606838e-01
6.505126084554156478e+03 4.837901486512262610e-38 3.035551568484041729e-01
6.649355125314518773e+03 5.876028153401230969e-38 2.796496790510065167e-01
6.796781954392633452e+03 7.139981141484784406e-38 2.549275666533042384e-01
6.947477471865693587e+03 8.580785242476691882e-38 2.371468198208375733e-01
7.101514149778922729e+03 1.011642600578095845e-37 2.239281209068836598e-01
7.258966066998594215e+03 1.193150605866540652e-37 2.103396566714942351e-01
7.419908944837829949e+03 1.398180536794796082e-37 1.993241322133931792e-01
7.584420183472267126e+03 1.631543637996889219e-37 1.901593220001512041e-01
7.752578899163125243e+03 1.883170067871561505e-37 1.810881162847601811e-01
7.924465962305569519e+03 2.161346330019555563e-37 1.737707550626532427e-01
8.100164036320657033e+03 2.470509925971268028e-37 1.680002375129666381e-01
8.279757617409590239e+03 2.824191904266716350e-37 1.622629901841615985e-01
8.463333075189379088e+03 3.195034137121410858e-37 1.572021785088812962e-01
8.650978694229470420e+03 3.592162165069786920e-37 1.530141918327024564e-01
8.842784716509291684e+03 4.039173590596020887e-37 1.488258668172790788e-01
9.038843384817178958e+03 4.529956036786375312e-37 1.452251906993769215e-01
9.239248987111461247e+03 5.043204749966373877e-37 1.421815954402803062e-01
9.444097901865212407e+03 5.599803613343954764e-37 1.389396019665521398e-01
9.653488644416256648e+03 6.206188047474437176e-37 1.360771409079990779e-01
9.867521914344893958e+03 6.854184347783013359e-37 1.339065456277029886e-01
1.008630064390205189e+04 7.556721824651096372e-37 1.316047718285800472e-01
1.030993004751111584e+04 8.296180664842770946e-37 1.293068168586994637e-01
1.053851767236741034e+04 9.075245757997544666e-37 1.275605350960528628e-01
1.077217345015943101e+04 9.928021631855360756e-37 1.258220825711865720e-01
1.101100974993688942e+04 1.085099504001331735e-36 1.242486672904084544e-01
1.125514143215089098e+04 1.181463715449431583e-36 1.231188589934833072e-01
1.150468590389229939e+04 1.281145302887059936e-36 1.215453974211562760e-01
1.175976317535480484e+04 1.388356254862419280e-36 1.200802489093096559e-01
1.202049591754986977e+04 1.499444158610918498e-36 1.191449036555870672e-01
1.228700952130131554e+04 1.619476894172336748e-36 1.182105860103982303e-01
1.255943215754790981e+04 1.748606740986037752e-36 1.173182079071551087e-01
1.283789483898294930e+04 1.876020829406802869e-36 1.162928025442055008e-01
1.312253148306051298e+04 2.011926105233007304e-36 1.152100441816892445e-01
1.341347897639863550e+04 2.157483525922810255e-36 1.141433499707666943e-01
1.371087724061042718e+04 2.306493093954902603e-36 1.134209631369177268e-01
1.401486929959476038e+04 2.465869786730062362e-36 1.126993321864775410e-01
1.432560134831890718e+04 2.630750286216470945e-36 1.116974154014402643e-01
1.464322282312618518e+04 2.795919795530913563e-36 1.108870602735563260e-01
1.496788647360244977e+04 2.971478265584455992e-36 1.100839236684303529e-01
1.529974843603597765e+04 3.158218827587755371e-36 1.092823471013337072e-01
1.563896830850606784e+04 3.348882753786380126e-36 1.087050745506544652e-01
1.598570922763648014e+04 3.546881796691163754e-36 1.080099861596904437e-01
1.634013794705062537e+04 3.750963763780812713e-36 1.071030091784622856e-01
1.670242491756621894e+04 3.960044744994945643e-36 1.063907848583885707e-01
1.707274436916800187e+04 4.179780698000218660e-36 1.057125878200729507e-01
1.745127439479789609e+04 4.411940379521117519e-36 1.050366619866735657e-01
1.783819703600294451e+04 4.648506235320927654e-36 1.044614015000889934e-01
1.823369837048220870e+04 4.887820136428588822e-36 1.036885898896021535e-01
1.863796860157468836e+04 5.139850143363808103e-36 1.029184093751633611e-01
1.905120214973136535e+04 5.397186688776745947e-36 1.022891678106431501e-01
1.947359774601530808e+04 5.664706662304111026e-36 1.017111763227740023e-01
1.990535852767484539e+04 5.945928488105038996e-36 1.011332499660650697e-01
2.034669213583570672e+04 6.226262293917481351e-36 1.004617842863329835e-01
2.079781081535921112e+04 6.515941733017976133e-36 9.981580005573809089e-02
2.125893151691446838e+04 6.819773064822876699e-36 9.917043762276467334e-02
2.173027600131349027e+04 7.131193464399339316e-36 9.859654471954559796e-02
2.221207094615999813e+04 7.452692947311042049e-36 9.806626504430693281e-02
2.270454805486239275e+04 7.782797405822760358e-36 9.742895860472129688e-02
2.320794416806390655e+04 8.118391533238841525e-36 9.679339991959740042e-02
2.372250137754331445e+04 8.464140304100731125e-36 9.620605922085839756e-02
2.424846714264099865e+04 8.825777590825852383e-36 9.561555150307612938e-02
2.478609440926637399e+04 9.197910596636602188e-36 9.507714873462171090e-02
2.533564173154387390e+04 9.575653208464973526e-36 9.454681662641201134e-02
2.589737339615606106e+04 9.963035000011381586e-36 9.394152668307308163e-02
2.647155954944358746e+04 1.036236940449031849e-35 9.336252929137450751e-02
2.705847632732318380e+04 1.077184098633619186e-35 9.281858870546284834e-02
2.765840598808613140e+04 1.119937309199355823e-35 9.226806932327366595e-02
2.827163704814115044e+04 1.163969640914531809e-35 9.172488743083276330e-02
2.889846442076662061e+04 1.207932822527498030e-35 9.115073938554098254e-02
2.953918955793977511e+04 1.253760441207326316e-35 9.057218774736555678e-02
3.019412059530984334e+04 1.300975995187439531e-35 9.001634824108961652e-02
3.086357250038582060e+04 1.348782130292561721e-35 8.951994427551551725e-02
3.154786722400971121e+04 1.398623722882951976e-35 8.901404265754780942e-02
3.224733385518816431e+04 1.449190100501394508e-35 8.844746784513755899e-02
3.296230877935701574e+04 1.501670940546921600e-35 8.786983047581366224e-02
3.369313584015476954e+04 1.556339863724282614e-35 8.728690233602842685e-02
3.444016650478287193e+04 1.611158518830964041e-35 8.677199491516320029e-02
3.520376003303228208e+04 1.667710700669148410e-35 8.626582539274561812e-02
3.598428365005763771e+04 1.725437154298691716e-35 8.572625653854536176e-02
3.678211272298209951e+04 1.784807525867881956e-35 8.516797600854611461e-02
3.759763094141780311e+04 1.846565617343988723e-35 8.460440390552928513e-02
3.843123050198872079e+04 1.909997468614979944e-35 8.405784376667357893e-02
3.928331229694475041e+04 1.974121635800515934e-35 8.355325772404149920e-02
4.015428610695759562e+04 2.040001091165519935e-35 8.303135063794195303e-02
4.104457079819130013e+04 2.107126094835459119e-35 8.249124984870115362e-02
4.195459452374214015e+04 2.176857450434344370e-35 8.194657837613707196e-02
4.288479492954472516e+04 2.249325371790778579e-35 8.139697585951904957e-02
4.383561936484342732e+04 2.322100168454491951e-35 8.089198980833972596e-02
4.480752509733024635e+04 2.396815497271437568e-35 8.038878825668707706e-02
4.580097953305263945e+04 2.472206831145923980e-35 7.987392556164117641e-02
4.681646044119707949e+04 2.550413032115907757e-35 7.935527910278207531e-02
4.785445618385639682e+04 2.631567670407897256e-35 7.883261898330774786e-02
4.891546595089143375e+04 2.714789748502626694e-35 7.832154293584538129e-02
4.999999999999999272e+04 2.799084340173017741e-35 7.783628266962304421e-02
5.110857990210843127e+04 2.883905192021293011e-35 7.734751831001829281e-02
5.224173879220404342e+04 2.971449920096246777e-35 7.685622650248004339e-02
5.340002162572876841e+04 3.062162852820816624e-35 7.636210726624334533e-02
5.458398544065754686e+04 3.156187536179887347e-35 7.586503545837371132e-02
5.579419962538739492e+04 3.251012926755764424e-35 7.539352731150270048e-02
5.703124619256600272e+04 3.346628419918124775e-35 7.492924183353390222e-02
5.829572005899154465e+04 3.444343470455335013e-35 7.446651525151820605e-02
5.958822933171829936e+04 3.545447929443961553e-35 7.400217306572094700e-02
6.090939560050573346e+04 3.650086276615205084e-35 7.353615789022281690e-02
6.225985423675158381e+04 3.757247543123621009e-35 7.307872433590033301e-02
6.364025469905285718e+04 3.864514763506921263e-35 7.264292101239996913e-02
6.505126084554163390e+04 3.973044736955287316e-35 7.221431717357752744e-02
6.649355125314525503e+04 4.085175147929098781e-35 7.178515540459388944e-02
6.796781954392633634e+04 4.201050185782702819e-35 7.135541631668100571e-02
6.947477471865693224e+04 4.320820831202368974e-35 7.092508646720392662e-02
7.101514149778922729e+04 4.441189157112222895e-35 7.051324974055789285e-02
7.258966066998594033e+04 4.561351580144942805e-35 7.011814578141431498e-02
7.419908944837830495e+04 4.685323943523232163e-35 6.972341176145487041e-02
7.584420183472266945e+04 4.813249513987600995e-35 6.932904798083164288e-02
7.752578899163125607e+04 4.945277781762577210e-35 6.893505908412903005e-02
7.924465962305568974e+04 5.080234225900288699e-35 6.854681583087213204e-02
8.100164036320656305e+04 5.212993409679457020e-35 6.818432540956058385e-02
8.279757617409589875e+04 5.349259629474599720e-35 6.782482930733364779e-02
8.463333075189379451e+04 5.489669179835167462e-35 6.746635729454451835e-02
8.650978694229488610e+04 5.634369120699233395e-35 6.710892043057363476e-02
8.842784716509310238e+04 5.783512444036955502e-35 6.675253290202869116e-02
9.038843384817188780e+04 5.930375690731520501e-35 6.642282435079330249e-02
9.239248987111471070e+04 6.079162328433445638e-35 6.610312477742348591e-02
9.444097901865221502e+04 6.232255655894583496e-35 6.578488408300328660e-02
9.653488644416266470e+04 6.389799248578110236e-35 6.546811122145007600e-02
9.867521914344903780e+04 6.551942054934241970e-35 6.515281714431885030e-02
1.008630064390205080e+05 6.714630568195107947e-35 6.485288092981118802e-02
1.030993004751111584e+05 6.875253513271640531e-35 6.457595693085388389e-02
1.053851767236740998e+05 7.040285643541446388e-35 6.430052508650391241e-02
1.077217345015943138e+05 7.209865125551900230e-35 6.402659055005956168e-02
1.101100974993688869e+05 7.384134943498138731e-35 6.375415984695145810e-02
1.125514143215089134e+05 7.562413720994336872e-35 6.348586841996309293e-02
1.150468590389229939e+05 7.740430958716803379e-35 6.323543329427437631e-02
1.175976317535480484e+05 7.923169510358364099e-35 6.298729297743484168e-02
1.202049591754987050e+05 8.110769093653789533e-35 6.274143554016886615e-02
1.228700952130131627e+05 8.303373948246690121e-35 6.249784953459028292e-02
1.255943215754790872e+05 8.501132991811713480e-35 6.225652401806864439e-02
1.283789483898295002e+05 8.691765619641736898e-35 6.203057371052007191e-02
1.312253148306051153e+05 8.885662147948498177e-35 6.180810180691291567e-02
1.341347897639863368e+05 9.084423834257946049e-35 6.158749363870613669e-02
1.371087724061042536e+05 9.288186498229268094e-35 6.136874493264281999e-02
1.401486929959476111e+05 9.497090090447707355e-35 6.115185189284270961e-02
1.432560134831890755e+05 9.706949372368074878e-35 6.094785208615803584e-02
1.464322282312618336e+05 9.919482170002753324e-35 6.075222049759041593e-02
1.496788647360244941e+05 1.013716418801189541e-34 6.055885849681177935e-02
1.529974843603597838e+05 1.036013165407550469e-34 6.036774697645445192e-02
1.563896830850606784e+05 1.058852466647575933e-34 6.017886696936280977e-02
1.598570922763647977e+05 1.081676118034775055e-34 6.000420900148681347e-02
1.634013794705062464e+05 1.104134065705305854e-34 5.985019122269519959e-02
1.670242491756622039e+05 1.127106701130930663e-34 5.969806846708691078e-02
1.707274436916800041e+05 1.150606870273816372e-34 5.954782009703515205e-02
1.745127439479789464e+05 1.174647762498922326e-34 5.939942561488980449e-02
1.783819703600294597e+05 1.199141297097095739e-34 5.925495644934558603e-02
1.823369837048220797e+05 1.223565702993478823e-34 5.912511994845778829e-02
1.863796860157468764e+05 1.248531922702772189e-34 5.899735934021085870e-02
1.905120214973136317e+05 1.274052852505962293e-34 5.887164476057737961e-02
1.947359774601530808e+05 1.300141713569542302e-34 5.874794643153611468e-02
1.990535852767488395e+05 1.326812060496286168e-34 5.862623467625059648e-02
2.034669213583574747e+05 1.352535911980166744e-34 5.851884518170808597e-02
2.079781081535925332e+05 1.378611858685292735e-34 5.841458658032137874e-02
2.125893151691446838e+05 1.405234957125759981e-34 5.831191800882069148e-02
2.173027600131348881e+05 1.432417524994479863e-34 5.821081562543769378e-02
2.221207094615999958e+05 1.460172173390858742e-34 5.811125573146548595e-02
2.270454805486239493e+05 1.487999395371883465e-34 5.802185644852983493e-02
2.320794416806390800e+05 1.516106627496264835e-34 5.793893291061502637e-02
2.372250137754331517e+05 1.544784951998735275e-34 5.785766888236576477e-02
2.424846714264100010e+05 1.574046662862185690e-34 5.777803523566352184e-02
2.478609440926637326e+05 1.603904331238906526e-34 5.770000300416668060e-02
2.533564173154387390e+05 1.633745910532716417e-34 5.762179477485956242e-02
2.589737339615605888e+05 1.663194891734935383e-34 5.754231207151311311e-02
2.647155954944363912e+05 1.693213411389404753e-34 5.746420026946791326e-02
2.705847632732323837e+05 1.723813115482636103e-34 5.738743730515449837e-02
2.765840598808618961e+05 1.755005898979319995e-34 5.731200126448925819e-02
2.827163704814115190e+05 1.786685386233985769e-34 5.723953410912091533e-02
2.889846442076662206e+05 1.818244361141403102e-34 5.717848615564576770e-02
2.953918955793977366e+05 1.850395703598605026e-34 5.711881996193377692e-02
3.019412059530984261e+05 1.883151050523985282e-34 5.706051063670664752e-02
3.086357250038582133e+05 1.916522275779623365e-34 5.700353347007552224e-02
3.154786722400970757e+05 1.950521495136301630e-34 5.694786393931839524e-02
3.224733385518816067e+05 1.983740920862500009e-34 5.691388937672632597e-02
3.296230877935701283e+05 2.017384534069087786e-34 5.688356731548872836e-02
3.369313584015477099e+05 2.051632496064462205e-34 5.685439350986874751e-02
3.444016650478286901e+05 2.086496137745596887e-34 5.682634371123905515e-02
3.520376003303228063e+05 2.121987009714710248e-34 5.679939388270022205e-02
3.598428365005764063e+05 2.157545833196875449e-34 5.678023840798075705e-02
3.678211272298209951e+05 2.193407766482190806e-34 5.676597842619054979e-02
3.759763094141780166e+05 2.229896324792759314e-34 5.675286064995745811e-02
3.843123050198872224e+05 2.267022845514729673e-34 5.674086014399705447e-02
3.928331229694475187e+05 2.304798876669515801e-34 5.672995221052914289e-02
4.015428610695759999e+05 2.342491039621054409e-34 5.672613470750910436e-02
4.104457079819130013e+05 2.379654726694681976e-34 5.673262171435523166e-02
4.195459452374213724e+05 2.417437433379113980e-34 5.674000626850497775e-02
4.288479492954472080e+05 2.455849831592167504e-34 5.674826623135718895e-02
4.383561936484342441e+05 2.494902782167845094e-34 5.675737969818358403e-02
4.480752509733024053e+05 2.534478181768003058e-34 5.676865100652815632e-02
4.580097953305263654e+05 2.573916057920377591e-34 5.678881671646118096e-02
4.681646044119707658e+05 2.613994291606141414e-34 5.680988028078267499e-02
4.785445618385639391e+05 2.654723575419148998e-34 5.683181983033577106e-02
4.891546595089143375e+05 2.696114784204839468e-34 5.685461374092871251e-02
4.999999999999999418e+05 2.738178978218268041e-34 5.687824063458942619e-02
5.110857990210843273e+05 2.779294082876913998e-34 5.688365081786651151e-02
5.224173879220404197e+05 2.820851137240526746e-34 5.688748927201777578e-02
5.340002162572887028e+05 2.863055253485827800e-34 5.689204422058224964e-02
5.458398544065766037e+05 2.905916778915899981e-34 5.689729994033203286e-02
5.579419962538750842e+05 2.949446229580695732e-34 5.690324088395359164e-02
5.703124619256611913e+05 2.993072266835504853e-34 5.691502274723234805e-02
5.829572005899166688e+05 3.037038124223366143e-34 5.693040246718839709e-02
5.958822933171842014e+05 3.081673487464373945e-34 5.694649166534645340e-02
6.090939560050586006e+05 3.126988777635232244e-34 5.696327493810481035e-02
6.225985423675171332e+05 3.172994580502559734e-34 5.698073706273831807e-02
6.364025469905298669e+05 3.218943043907983733e-34 5.700595144329151376e-02
6.505126084554162808e+05 3.264385886626452721e-34 5.704279344341659647e-02
6.649355125314525794e+05 3.310492803271926490e-34 5.708023750890594411e-02
6.796781954392633634e+05 3.357273705225194410e-34 5.711826943250537802e-02
6.947477471865693806e+05 3.404738653985005881e-34 5.715687517967742853e-02
7.101514149778921856e+05 3.452760016632520977e-34 5.719714336394713522e-02
7.258966066998594906e+05 3.500634955044960328e-34 5.724467248583975376e-02
7.419908944837829331e+05 3.549194560397034412e-34 5.729281316015105013e-02
7.584420183472266654e+05 3.598448795401343463e-34 5.734155181797211814e-02
7.752578899163125316e+05 3.648407769359904827e-34 5.739087506091457985e-02
7.924465962305569556e+05 3.699081740338639496e-34 5.744076966048607125e-02
8.100164036320656305e+05 3.748804121025019609e-34 5.749789164920274948e-02
8.279757617409589002e+05 3.799008723323380925e-34 5.755636745967793177e-02
8.463333075189379742e+05 3.849905633878622875e-34 5.761537635422378512e-02
8.650978694229470566e+05 3.901504556276944668e-34 5.767490651755708547e-02
8.842784716509293066e+05 3.953815331534484774e-34 5.773494628471810552e-02
9.038843384817169281e+05 4.006223127558384716e-34 5.779998824078668579e-02
9.239248987111471361e+05 4.058991431209967499e-34 5.786809144283520945e-02
9.444097901865221793e+05 4.112473640808181983e-34 5.793674471385584085e-02
9.653488644416265888e+05 4.166679548432000715e-34 5.800593691906306970e-02
9.867521914344904944e+05 4.221619081545352334e-34 5.807565706884973422e-02
1.008630064390205080e+06 4.275898774872763873e-34 5.814771139312268494e-02
1.030993004751111497e+06 4.328688179645822353e-34 5.822310916080165183e-02
1.053851767236741027e+06 4.382145591171885896e-34 5.829902815978099673e-02
1.077217345015943283e+06 4.436279561591925126e-34 5.837545924113758666e-02
1.101100974993688986e+06 4.491098753199074293e-34 5.845239337220189957e-02
1.125514143215089105e+06 4.546611939862510972e-34 5.852982163580221220e-02
1.150468590389230056e+06 4.602828008469856938e-34 5.860773522949121184e-02
1.175976317535480484e+06 4.659755960388151556e-34 5.868612546475409503e-02
1.202049591754986905e+06 4.717404912943747492e-34 5.876498376619977010e-02
1.228700952130131656e+06 4.775784100921569207e-34 5.884430167073785578e-02
1.255943215754790930e+06 4.834902878083590561e-34 5.892407082673924157e-02
1.283789483898294857e+06 4.894770718707137914e-34 5.900428299318383196e-02
1.312253148306051269e+06 4.955397219142960563e-34 5.908493003879412842e-02
1.341347897639863426e+06 5.016792099393750186e-34 5.916600394115830580e-02
1.371087724061042536e+06 5.078965204712894613e-34 5.924749678584015355e-02
1.401486929959475994e+06 5.141926507224062051e-34 5.932940076547971869e-02
1.432560134831890697e+06 5.205686107561697022e-34 5.941170817888252048e-02
1.464322282312618569e+06 5.270254236532860786e-34 5.949441143010252009e-02
1.496788647360244999e+06 5.335641256800692511e-34 5.957750302751346760e-02
1.529974843603597721e+06 5.401857664589347487e-34 5.966097558287414976e-02
1.563896830850606784e+06 5.468914091411531972e-34 5.974482181038773959e-02
1.598570922763647977e+06 5.534463740335150099e-34 5.983794047865853560e-02
1.634013794705065899e+06 5.597114824109545025e-34 5.994532001179365965e-02
1.670242491756625473e+06 5.660490811599383157e-34 6.005316665203726256e-02
1.707274436916803708e+06 5.724600174272793577e-34 6.016147395627659267e-02
1.745127439479792956e+06 5.789451483098096666e-34 6.027023556363488022e-02
1.783819703600298148e+06 5.855053409715760544e-34 6.037944519477508876e-02
1.823369837048224639e+06 5.921414727624753654e-34 6.048909665119562434e-02
1.863796860157472547e+06 5.988544313382069589e-34 6.059918381452224917e-02
1.905120214973140275e+06 6.056451147817398162e-34 6.070970064579560288e-02
1.947359774601534940e+06 6.125144317261071341e-34 6.082064118475447034e-02
1.990535852767488454e+06 6.194633014787506090e-34 6.093199954911699551e-02
2.034669213583574863e+06 6.264926541472664478e-34 6.104376993385571271e-02
2.079781081535925390e+06 6.336034307666591589e-34 6.115594661047479841e-02
2.125893151691447012e+06 6.407965834280979944e-34 6.126852392627950283e-02
2.173027600131349172e+06 6.480730754091898962e-34 6.138149630364952286e-02
2.221207094616000075e+06 6.554338813057959756e-34 6.149485823930513767e-02
2.270454805486239493e+06 6.628799871653896429e-34 6.160860430357783385e-02
2.320794416806390509e+06 6.704123906220154877e-34 6.172272913967479652e-02
2.372250137754331343e+06 6.780321010328152983e-34 6.183722746294839645e-02
2.424846714264099952e+06 6.857401396161851077e-34 6.195209406016000120e-02
2.478609440926637035e+06 6.935375395915382093e-34 6.206732378874890710e-02
2.533564173154387157e+06 7.012033061179286108e-34 6.218292628065695549e-02
2.589737339615605772e+06 7.086073018912036983e-34 6.229895928552466738e-02
2.647155954944358673e+06 7.160912728510058337e-34 6.241541930273156874e-02
2.705847632732318249e+06 7.236560929781473704e-34 6.253230212572838398e-02
2.765840598808613140e+06 7.313026458730455191e-34 6.264960359845996030e-02
2.827163704814109020e+06 7.390318248622008471e-34 6.276731961490628064e-02
2.889846442076662090e+06 7.468445331058047522e-34 6.288544611862401101e-02
2.953918955793977249e+06 7.547416837065453621e-34 6.300397910228798526e-02
3.019412059530984145e+06 7.627241998196717288e-34 6.312291460723079561e-02
3.086357250038582366e+06 7.707930147642223216e-34 6.324224872298353506e-02
3.154786722400970757e+06 7.789490721355148088e-34 6.336197758681734460e-02
3.224733385518816300e+06 7.871933259189179966e-34 6.348209738328353113e-02
3.296230877935701516e+06 7.955267406048263838e-34 6.360260434375451799e-02
3.369313584015476983e+06 8.039502913049450129e-34 6.372349474596712693e-02
3.444016650478287134e+06 8.124649638698926565e-34 6.384476491356382011e-02
3.520376003303227946e+06 8.210717550080651810e-34 6.396641121563638455e-02
3.598428365005763713e+06 8.297716724058403379e-34 6.408843006627165662e-02
3.678211272298210301e+06 8.385657348491416033e-34 6.421081792409530364e-02
3.759763094141780399e+06 8.474549723463206950e-34 6.433357129181939416e-02
3.843123050198872574e+06 8.564404262524082029e-34 6.445668671579124487e-02
3.928331229694475420e+06 8.655231493947745842e-34 6.458016078554142114e-02
4.015428610695759766e+06 8.744539510811140718e-34 6.471217057317170396e-02
4.104457079819130246e+06 8.830867644100717915e-34 6.485730974609657529e-02
4.195459452374213375e+06 8.918069770355125294e-34 6.500291460234063068e-02
4.288479492954472080e+06 9.006154870189633644e-34 6.514898181935808996e-02
4.383561936484342441e+06 9.095132017471420919e-34 6.529550810961899654e-02
4.480752509733024053e+06 9.185010380296510924e-34 6.544249022030017293e-02
4.580097953305264004e+06 9.275799221976371600e-34 6.558992493297340076e-02
4.681646044119708240e+06 9.367507902035303570e-34 6.573780906329605711e-02
4.785445618385639973e+06 9.460145877218003159e-34 6.588613946069966920e-02
4.891546595089144073e+06 9.553722702508228718e-34 6.603491300808134179e-02
5.000000000000009313e+06 9.648248032157767997e-34 6.618412662149333880e-02
5.110857990210853517e+06 9.743731620726325791e-34 6.633377724983437196e-02
5.224173879220414907e+06 9.840183324132978458e-34 6.648386187454101426e-02
5.340002162572887726e+06 9.937613100717640404e-34 6.663437750928055681e-02
5.458398544065765105e+06 1.003603101231480389e-33 6.678532119964386560e-02
5.579419962538750842e+06 1.013544722533775953e-33 6.693669002283841873e-02
5.703124619256611913e+06 1.023587201187518073e-33 6.708848108738457716e-02
5.829572005899166688e+06 1.033731575079812384e-33 6.724069153280956557e-02
5.958822933171842247e+06 1.043978892887991570e-33 6.739331852934588030e-02
6.090939560050585307e+06 1.054330214192685030e-33 6.754635927762776826e-02
6.225985423675171100e+06 1.064786609592159152e-33 6.769981100839098098e-02
6.364025469905299135e+06 1.075118768400584290e-33 6.785642602737514129e-02
6.505126084554163739e+06 1.085192979079569260e-33 6.801776569574163878e-02
6.649355125314525329e+06 1.095364453351523482e-33 6.817957041403145679e-02
6.796781954392633401e+06 1.105634148832736089e-33 6.834183741325620953e-02
6.947477471865693107e+06 1.116003032707711288e-33 6.850456394798375148e-02
7.101514149778922088e+06 1.126472081825894220e-33 6.866774729614651129e-02
7.258966066998594441e+06 1.137042282799382790e-33 6.883138475884628682e-02
7.419908944837830029e+06 1.147714632101730160e-33 6.899547366016109406e-02
7.584420183472266421e+06 1.158490136167639806e-33 6.916001134695402841e-02
7.752578899163126014e+06 1.169369811493750052e-33 6.932499518867882293e-02
7.924465962305570021e+06 1.180354684740433986e-33 6.949042257718662796e-02
8.100164036320656538e+06 1.191445792834645050e-33 6.965629092653656540e-02
8.279757617409589700e+06 1.202644183073763489e-33 6.982259767280103724e-02
8.463333075189379975e+06 1.213950913230605981e-33 6.998934027387490597e-02
8.650978694229470566e+06 1.225367051659398153e-33 7.015651620928588239e-02
8.842784716509310529e+06 1.236893677402897273e-33 7.032412298000259576e-02
9.038843384817188606e+06 1.248531880300595180e-33 7.049215810824364936e-02
9.239248987111471593e+06 1.260282761098036838e-33 7.066061913729126953e-02
9.444097901865221560e+06 1.272147431557196369e-33 7.082950363129943139e-02
9.653488644416267052e+06 1.284127014568105218e-33 7.099880917510645317e-02
9.867521914344904944e+06 1.296222644261463044e-33 7.116853337404797919e-02
1.008630064390205219e+07 1.308186369997308161e-33 7.133825908393129356e-02
1.030993004751111567e+07 1.319874027178147514e-33 7.150777019374834897e-02
1.053851767236740887e+07 1.331669840253998336e-33 7.167771470850113624e-02
1.077217345015943237e+07 1.343574834758918177e-33 7.184809028537809950e-02
1.101100974993688986e+07 1.355590046132676037e-33 7.201889459694110762e-02
1.125514143215089105e+07 1.367716519817875416e-33 7.219012533101634710e-02
1.150468590389229916e+07 1.379955311357968914e-33 7.236178019058257804e-02
1.175976317535480484e+07 1.392307486496291649e-33 7.253385689366338707e-02
1.202049591754986905e+07 1.404774121276100489e-33 7.270635317321609559e-02
1.228700952130131610e+07 1.417356302141523474e-33 7.287926677702184775e-02
1.255943215754790977e+07 1.430055126039589127e-33 7.305259546757655875e-02
1.283789483898294903e+07 1.442871700523222229e-33 7.322633702198098893e-02
1.312253148306051269e+07 1.455807143855313326e-33 7.340048923183199736e-02
1.341347897639863566e+07 1.468862585113715192e-33 7.357504990311290738e-02
1.371087724061042629e+07 1.482039164297421116e-33 7.375001685608388591e-02
1.401486929959475994e+07 1.495338032433681278e-33 7.392538792517368285e-02
1.432560134831890650e+07 1.508760351686267250e-33 7.410116095887188392e-02
1.464322282312618382e+07 1.522307295464734791e-33 7.427733381961855452e-02
1.496788647360244952e+07 1.535980048534796283e-33 7.445390438369851871e-02
1.529974843603597768e+07 1.549779807129865253e-33 7.463087054113222429e-02
1.563896830850609951e+07 1.563707779063597472e-33 7.480823019556857856e-02
1.598570922763651237e+07 1.577519856824222685e-33 7.499622166773614595e-02
1.634013794705065712e+07 1.591074582266867333e-33 7.520057412316183409e-02
1.670242491756625287e+07 1.604750653556590800e-33 7.540542659216012411e-02
1.707274436916803569e+07 1.618549189063333803e-33 7.561077650916689374e-02
1.745127439479792863e+07 1.632471317690580512e-33 7.581662132201393012e-02
1.783819703600298241e+07 1.646518178976188399e-33 7.602295849185643217e-02
1.823369837048224732e+07 1.660690923194194840e-33 7.622978549309442076e-02
1.863796860157472640e+07 1.674990711457681170e-33 7.643709981330011616e-02
1.905120214973140135e+07 1.689418715822588515e-33 7.664489895313909840e-02
1.947359774601534754e+07 1.703976119392498723e-33 7.685318042629629698e-02
1.990535852767488360e+07 1.718664116424494999e-33 7.706194175939796998e-02
2.034669213583574817e+07 1.733483912436040340e-33 7.727118049193583416e-02
2.079781081535925344e+07 1.748436724312881961e-33 7.748089417618865549e-02
2.125893151691446826e+07 1.763523780417937592e-33 7.769108037714606008e-02
2.173027600131348893e+07 1.778746320701383280e-33 7.790173667243138755e-02
2.221207094615999982e+07 1.794105596811670367e-33 7.811286065222355912e-02
2.270454805486239493e+07 1.809602872207706004e-33 7.832444991918029176e-02
2.320794416806390882e+07 1.825239422272086000e-33 7.853650208835864788e-02
2.372250137754331529e+07 1.841016534425405338e-33 7.874901478713960956e-02
2.424846714264100045e+07 1.856935508241737687e-33 7.896198565514930823e-02
2.478609440926637128e+07 1.872997655565147759e-33 7.917541234418072615e-02
2.533564173154387251e+07 1.888961894255620664e-33 7.938546174597729821e-02
2.589737339615606144e+07 1.904688908377076886e-33 7.958999824008093638e-02
2.647155954944358766e+07 1.920553175901676975e-33 7.979495646715653590e-02
2.705847632732323930e+07 1.936555935231419785e-33 8.000033404292153372e-02
2.765840598808619007e+07 1.952698436213870891e-33 8.020612859275869089e-02
2.827163704814114794e+07 1.968981940249820350e-33 8.041233775167988540e-02
2.889846442076662183e+07 1.985407720401872387e-33 8.061895916429256959e-02
2.953918955793977529e+07 2.001977061504153107e-33 8.082599048476311887e-02
3.019412059530984238e+07 2.018691260273074652e-33 8.103342937678224833e-02
3.086357250038582087e+07 2.035551625419050781e-33 8.124127351352759818e-02
3.154786722400971130e+07 2.052559477759386922e-33 8.144952057762841480e-02
3.224733385518816486e+07 2.069716150332179126e-33 8.165816826112917703e-02
3.296230877935701609e+07 2.087022988511347458e-33 8.186721426545139069e-02
3.369313584015476704e+07 2.104481350122721060e-33 8.207665630135969892e-02
3.444016650478287041e+07 2.122092605561220705e-33 8.228649208892177547e-02
3.520376003303228319e+07 2.139858137909215149e-33 8.249671935747267260e-02
3.598428365005763620e+07 2.157779343055960271e-33 8.270733584557697637e-02
3.678211272298210114e+07 2.175857629818175401e-33 8.291833930099107297e-02
3.759763094141779840e+07 2.194094420061814309e-33 8.312972748062692763e-02
3.843123050198872387e+07 2.212491148824951485e-33 8.334149815051136723e-02
3.928331229694475234e+07 2.231049264441792266e-33 8.355364908575084459e-02
4.015428610695759952e+07 2.249499360220050918e-33 8.376709680619051634e-02
4.104457079819130152e+07 2.267685875223582200e-33 8.398235946138236929e-02
4.195459452374213934e+07 2.286027291991774825e-33 8.419801469532955940e-02
4.288479492954472452e+07 2.304524978663057056e-33 8.441406019516309311e-02
4.383561936484342813e+07 2.323180315768539474e-33 8.463049365624950027e-02
4.480752509733024240e+07 2.341994696346208144e-33 8.484731278217558237e-02
4.580097953305263817e+07 2.360969526056195101e-33 8.506451528473141233e-02
4.681646044119708240e+07 2.380106223297158650e-33 8.528209888389214066e-02
4.785445618385649472e+07 2.399406219323695140e-33 8.550006130780407609e-02
4.891546595089153945e+07 2.418870958364848579e-33 8.571840029276391049e-02
5.000000000000009686e+07 2.438501897743778652e-33 8.593711358320253735e-02
5.110857990210853517e+07 2.458300507998487235e-33 8.615619893166730214e-02
5.224173879220414907e+07 2.478268273003746760e-33 8.637565409880222644e-02
5.340002162572887540e+07 2.498406690094030962e-33 8.659547685333121581e-02
5.458398544065765291e+07 2.518717270187773389e-33 8.681566497203951904e-02
5.579419962538751215e+07 2.539201537912599547e-33 8.703621623975316135e-02
5.703124619256612659e+07 2.559861031731859438e-33 8.725712844932145829e-02
5.829572005899166316e+07 2.580697304072331485e-33 8.747839940159618521e-02
5.958822933171842247e+07 2.601711921453010615e-33 8.770002690541409129e-02
6.090939560050585866e+07 2.622906464615208704e-33 8.792200877757581912e-02
6.225985423675171286e+07 2.644282528653877036e-33 8.814434284282736398e-02
6.364025469905298948e+07 2.665576486140165002e-33 8.836900683683887592e-02
6.505126084554163367e+07 2.686636481104723284e-33 8.859710372715753901e-02
6.649355125314525515e+07 2.707872610768954309e-33 8.882556378138319053e-02
6.796781954392634332e+07 2.729286406252349387e-33 8.905438464369042073e-02
6.947477471865692735e+07 2.750879412331133417e-33 8.928356396620508451e-02
7.101514149778921902e+07 2.772653187562265433e-33 8.951309940899979112e-02
7.258966066998594999e+07 2.794609304408284509e-33 8.974298864008520282e-02
7.419908944837829471e+07 2.816749349363536786e-33 8.997322933540462253e-02
7.584420183472266793e+07 2.839074923081547888e-33 9.020381917882810963e-02
7.752578899163125455e+07 2.861587640503394660e-33 9.043475586214341777e-02
7.924465962305569649e+07 2.884289130987375562e-33 9.066603708504905601e-02
8.100164036320656538e+07 2.907181038439925682e-33 9.089766055514776621e-02
8.279757617409606278e+07 2.930265021447614193e-33 9.112962398793671148e-02
8.463333075189396739e+07 2.953542753410315259e-33 9.136192510680067602e-02
8.650978694229488075e+07 2.977015922675898955e-33 9.159456164300330827e-02
8.842784716509310901e+07 3.000686232675705973e-33 9.182753133567723991e-02
9.038843384817188978e+07 3.024555402061656939e-33 9.206083193181642532e-02
9.239248987111471593e+07 3.048625164844414770e-33 9.229446118626707940e-02
9.444097901865221560e+07 3.072897270532867577e-33 9.252841686171747737e-02
9.653488644416266680e+07 3.097373484274839766e-33 9.276269672868832361e-02
9.867521914344903827e+07 3.122055586999289619e-33 9.299729856552486906e-02
