2.000000000000000475e-03 1.863747914663866846e-50
2.046254320804053849e-03 2.091334710590722971e-50
2.093578372704629764e-03 2.346712857762464344e-50
2.141996895544386222e-03 2.633276070450723634e-50
2.191535201328284870e-03 2.954832486289051539e-50
2.242219187456092038e-03 3.315655274007616432e-50
2.294075350260891492e-03 3.720539421241932545e-50
2.347130798860710878e-03 4.174865457116890042e-50
2.401413269330502590e-03 4.684670956471996842e-50
2.456951139201864632e-03 5.256730776011016237e-50
2.513773442298128640e-03 5.898647088711277747e-50
2.571909883912512889e-03 6.618950413045242107e-50
2.631390856337315672e-03 7.427212979695105914e-50
2.692247454752255426e-03 8.334175942406163004e-50
2.754511493480262148e-03 9.351892123620430131e-50
2.818215522619206808e-03 1.049388619199484104e-49
2.883392845058303094e-03 1.177533440058466073e-49
2.950077533888022935e-03 1.321326627444096789e-49
3.018304450212666926e-03 1.482679092809508217e-49
3.088109261374889954e-03 1.663735102073803909e-49
3.159528459601691763e-03 1.866900772423444399e-49
3.232599381081668888e-03 2.094876049127703832e-49
3.307360225483437118e-03 2.350690587351817027e-49
3.383850075925476288e-03 2.637744015849966093e-49
3.462108919407815271e-03 2.959851117660291178e-49
3.542177667716251300e-03 3.321292528273201569e-49
3.624098178810002471e-03 3.726871625076917101e-49
3.707913278704034424e-03 4.181978364171391828e-49
3.793666783857427977e-03 4.692660912978188860e-49
3.881403524079543935e-03 5.265706030687089982e-49
3.971169365965923452e-03 5.908729264847782921e-49
4.063011236876233091e-03 6.630276162882470210e-49
4.156977149466707308e-03 7.439935843692349102e-49
4.253116226789983856e-03 8.348468438814739177e-49
4.351478727975419299e-03 9.367948096924552284e-49
4.452116074503313994e-03 1.051192345233544326e-48
4.555080877086799436e-03 1.179559769026743282e-48
4.660426963175390638e-03 1.323603060212194964e-48
4.768209405094678971e-03 1.485236531627321438e-48
4.878484548836756196e-03 1.666608271786664431e-48
4.991310043516518184e-03 1.870128693913071834e-48
5.106744871509172855e-03 2.098502571469449169e-48
5.224849379284792969e-03 2.354764985979874596e-48
5.345685308955942620e-03 2.642321664930973397e-48
5.469315830554924950e-03 2.964994245894094436e-48
5.595805575057513463e-03 3.327071068488541214e-48
5.725220668170430925e-03 3.733364169278980533e-48
5.857628764900207549e-03 4.189273237149444202e-48
5.993099084921581048e-03 4.700857379213874888e-48
6.131702448763802320e-03 5.274915651139804301e-48
6.273511314833863685e-03 5.919077422257838553e-48
6.418599817295963204e-03 6.641903776554214900e-48
6.567043804826987012e-03 7.453001297333780007e-48
6.718920880268357092e-03 8.363149747945576652e-48
6.874310441194851282e-03 9.384445345672077317e-48
7.033293721421691840e-03 1.018661319716179084e-47
7.195953833471579672e-03 1.085099109019884537e-47
7.362375812023864811e-03 1.155870295437247748e-47
7.532646658368543323e-03 1.231257547129880259e-47
7.706855385888423948e-03 1.311561972616455276e-47
7.885093066593089686e-03 1.397104323914991169e-47
8.067452878729106103e-03 1.488226278196752467e-47
8.254030155491266438e-03 1.585291803076104331e-47
8.444922434860479762e-03 1.688688610995200917e-47
8.640229510594173851e-03 1.798829708518778310e-47
8.840053484396011643e-03 1.916155046733978155e-47
9.044498819292133909e-03 2.041133279354597654e-47
9.253672394241845012e-03 2.174263635560002027e-47
9.467683560011293589e-03 2.316077915058189036e-47
9.686644196339307122e-03 2.467142613350610664e-47
9.910668770425408447e-03 2.628061185699238673e-47
1.013987439677039443e-02 2.799476458848461546e-47
1.037438089840091518e-02 2.982073200148513518e-47
1.061431086950996062e-02 3.176580854354927828e-47
1.085978973954609440e-02 3.383776459050419850e-47
1.111094583878486329e-02 3.604487750350143792e-47
1.136791046541667238e-02 3.839596471312802821e-47
1.163081795418624900e-02 4.090041896291312568e-47
1.189980574661948787e-02 4.356824585320985908e-47
1.217501446287452480e-02 4.641010383563881083e-47
1.245658797525442049e-02 4.943734681808837160e-47
1.274467348342008845e-02 5.266206955071635518e-47
1.303942159134260925e-02 5.609715597452953061e-47
1.334098638603524109e-02 5.975633072597733165e-47
1.364952551810634171e-02 6.365421400363017400e-47
1.396520028417514575e-02 6.780638001647303675e-47
1.428817571119369439e-02 7.222941924768456665e-47
1.461862064271881451e-02 7.694100478304834763e-47
1.495670782717936111e-02 8.195996296941843880e-47
1.530261400818479743e-02 8.730634868599923621e-47
1.565652001692239073e-02 9.300152552967221960e-47
1.601861086669129769e-02 9.906825123528057365e-47
1.638907584962291664e-02 1.055307686727467966e-46
1.676810863563813966e-02 1.124149027852459761e-46
1.715590737369315430e-02 1.197481638564091258e-46
1.755267479536687728e-02 1.275598575199778867e-46
1.795861832084394080e-02 1.358812019522002314e-46
1.837395016734887782e-02 1.447454527161722579e-46
1.879888746008801306e-02 1.541880357578866063e-46
1.923365234575711777e-02 1.642466890864538317e-46
1.967847210867427338e-02 1.749616137057436350e-46
2.013357928959839602e-02 1.863756344017645963e-46
2.059921180729586132e-02 1.985343710295935987e-46
2.107561308291852967e-02 2.114864209857418971e-46
2.156303216725824132e-02 2.252835535966712497e-46
2.206172387094448850e-02 2.399809172019325228e-46
2.257194889765305745e-02 2.556372597612797250e-46
2.309397398039543178e-02 2.723151638693227806e-46
2.362807202096027168e-02 2.900812971190359813e-46
2.417452223257967464e-02 3.079251173090111301e-46
2.473361028589490807e-02 3.238731728995292305e-46
2.530562845829803162e-02 3.406474609209273489e-46
2.589087578672718756e-02 3.582908043073830642e-46
2.648965822399577952e-02 3.768482467204012308e-46
2.710228879873701271e-02 3.963671678003317488e-46
2.772908777904745797e-02 4.168974044054956274e-46
2.837038283991538679e-02 4.384913781503309297e-46
2.902650923452101961e-02 4.612042295703392031e-46
2.969780996949869870e-02 4.850939592587234538e-46
3.038463598425222151e-02 5.102215763374127312e-46
3.108734633441722142e-02 5.366512546442465200e-46
3.180630837956664736e-02 5.644504970380288104e-46
3.254189797525722933e-02 5.936903082438508335e-46
3.329449966951739809e-02 6.244453766835295735e-46
3.406450690387955588e-02 6.567942657587976193e-46
3.485232221906154476e-02 6.908196150795442164e-46
3.565835746540491069e-02 7.266083521551232890e-46
3.648303401818015629e-02 7.642519150935208277e-46
3.732678299787121207e-02 8.038464868818584812e-46
3.819004549555462397e-02 8.454932418516947019e-46
3.907327280349104370e-02 8.892986049636994028e-46
3.997692665104952969e-02 9.353745245800479002e-46
4.090147944608843456e-02 9.838387594271489714e-46
4.184741452191832745e-02 1.034815180488437942e-45
4.281522638997684038e-02 1.088434088605644404e-45
4.380542099834694447e-02 1.144832548607238340e-45
4.481851599625403387e-02 1.204154740825918944e-45
4.585504100468020677e-02 1.266552330912114657e-45
4.691553789323698459e-02 1.332184858897437726e-45
4.800056106344124246e-02 1.401220148512349931e-45
4.911067773854273233e-02 1.473834737814906780e-45
5.024646826005428613e-02 1.550214332242042284e-45
5.140852639113991512e-02 1.630554281254108698e-45
5.259745962701966454e-02 1.715060079803553470e-45
5.381388951255287878e-02 1.803947895923739819e-45
5.505845196716663281e-02 1.897445125801843400e-45
5.633179761729861790e-02 1.995790977770490226e-45
5.763459213652839808e-02 2.099237086728604770e-45
5.896751659357531150e-02 2.208048160581172038e-45
6.033126780834410785e-02 2.322502660369893761e-45
6.172655871620531809e-02 2.442893515855975861e-45
6.315411874070016307e-02 2.569528878406965519e-45
6.461469417486498390e-02 2.702732913137710528e-45
6.610904857137499258e-02 2.842846632357871022e-45
6.763796314171059698e-02 2.990228772485069018e-45
6.920223716455531360e-02 3.145256716697030975e-45
7.080268840363909688e-02 3.308327465715482406e-45
7.244015353524481393e-02 3.479858659239042477e-45
7.411548858560187969e-02 3.660289650675622174e-45
7.582956937839571698e-02 3.850082637964260579e-45
7.758329199262649356e-02 4.049723853421116653e-45
7.937757323105724960e-02 4.259724815701369814e-45
8.121335109949558151e-02 4.480623647128439040e-45
8.309158529715975072e-02 4.712986459814716626e-45
8.501325771838590117e-02 4.926544086901608006e-45
8.697937296593785672e-02 5.146763657885899963e-45
8.899095887618881096e-02 5.376842707795139503e-45
9.104906705644864873e-02 5.617223700057930601e-45
9.315477343471803562e-02 5.868369024520424814e-45
9.530917882215722559e-02 6.130761899521631020e-45
9.751340948856276891e-02 6.404907315118566755e-45
9.976861775115328235e-02 6.691333019358588176e-45
1.020759825769727153e-01 6.990590549586967789e-45
1.044367101992249025e-01 7.303256310867841794e-45
1.068520347478623678e-01 7.629932703697417488e-45
1.093232188947591832e-01 7.971249303288622586e-45
1.118515545138041717e-01 8.327864092814482015e-45
1.144383633562609665e-01 8.700464753108869850e-45
1.170849977417467019e-01 9.089770011443508995e-45
1.197928412651910329e-01 9.496531052119517065e-45
1.225633095201457134e-01 9.921532991745215932e-45
1.253978508388213786e-01 1.036559642220517204e-44
1.282979470492402463e-01 1.082957902446855900e-44
1.312651142498988399e-01 1.131437725653397893e-44
1.343009036023466163e-01 1.182092811896327882e-44
1.374069021420952219e-01 1.235021100162410210e-44
1.405847336082811372e-01 1.290324961542750794e-44
1.438360592925160830e-01 1.348111401303268576e-44
1.471625789073695290e-01 1.408492270267682454e-44
1.505660314749362738e-01 1.471584485948784674e-44
1.540481962359537549e-01 1.537510263884434734e-44
1.576108935799456490e-01 1.606397359656971010e-44
1.612559859968758225e-01 1.678379322096935852e-44
1.649853790508125639e-01 1.753595758196767760e-44
1.688010223761099993e-01 1.832192610284905751e-44
1.727049106966284109e-01 1.914322446037371371e-44
1.766990848685271454e-01 2.000144761931688735e-44
1.807856329471729251e-01 2.089826300776953981e-44
1.849666912787241435e-01 2.183541383985078653e-44
1.892444456169594669e-01 2.281472259279376717e-44
1.936211322659355250e-01 2.383809464571375429e-44
1.980990392490718788e-01 2.490752208771561699e-44
2.026805075052726668e-01 2.602508770337170471e-44
2.073679321127113173e-01 2.719296914399165811e-44
2.121637635409185929e-01 2.841344329351336864e-44
2.170705089318271108e-01 2.968889083828274463e-44
2.220907334104433029e-01 3.102180105042949073e-44
2.272270614258304067e-01 3.241477679503431062e-44
2.324821781231068141e-01 3.387053977177466561e-44
2.378588307471724561e-01 3.539193600226369446e-44
2.433598300789008850e-01 3.698194157484466947e-44
2.489880519045458707e-01 3.864366865919273836e-44
2.547464385191304803e-01 4.038037180366765427e-44
2.606380002646074834e-01 4.219545452901795858e-44
2.666658171035905522e-01 4.409247623269980746e-44
2.728330402294828483e-01 4.607515941878410700e-44
2.791428937138427657e-01 4.814739726916921280e-44
2.855986761918490324e-01 5.031326157259367401e-44
2.922037625867444088e-01 5.237457030361671343e-44
2.989616058741638160e-01 5.435023151297122851e-44
3.058757388872631600e-01 5.640085653061022098e-44
3.129497761635973707e-01 5.852931506738254096e-44
3.201874158347116084e-01 6.073858814307913935e-44
3.275924415594314576e-01 6.303177248647196748e-44
3.351687245018680206e-01 6.541208511393510455e-44
3.429202253551654200e-01 6.788286809413840307e-44
3.508509964120535285e-01 7.044759350665595565e-44
3.589651836832863929e-01 7.310986860265060411e-44
3.672670290650728031e-01 7.587344117618836869e-44
3.757608725566365937e-01 7.874220515508767343e-44
3.844511545290594801e-01 8.172020642060004475e-44
3.933424180465974751e-01 8.481164886566019697e-44
4.024393112416826401e-01 8.802090070184733686e-44
4.117465897448502332e-01 9.135250102564911992e-44
4.212691191708669014e-01 9.481116665512425308e-44
4.310118776623521053e-01 9.840179924852873475e-44
4.409799584922280968e-01 1.021294927170109009e-43
4.511785727263569745e-01 1.059995409442419634e-43
4.616130519477574246e-01 1.100174458276921045e-43
4.722888510438223997e-01 1.141889256661966606e-43
4.832115510580017870e-01 1.185199239858247057e-43
4.943868621074323788e-01 1.230166193729276023e-43
5.058206263680457004e-01 1.276854353311159331e-43
5.175188211287137241e-01 1.325330429615371523e-43
5.294875619160253066e-01 1.375663843245451199e-43
5.417331056913353704e-01 1.427926748549375621e-43
5.542618541217469996e-01 1.482194173826467825e-43
5.670803569267454103e-01 1.538544150271770221e-43
5.801953153022288978e-01 1.597057855039798825e-43
5.936135854237286624e-01 1.657819775318011750e-43
6.073421820306454944e-01 1.720917905140296073e-43
6.213882820933852580e-01 1.786443995007752606e-43
6.357592285652988728e-01 1.854492730550091735e-43
6.504625342213974371e-01 1.925160883524982779e-43
6.655058855858452249e-01 1.998552879895215375e-43
6.808971469502819174e-01 2.074775863293698327e-43
6.966443644850836003e-01 2.153941448880858751e-43
7.127557704456981558e-01 2.236165971086860620e-43
7.292397874762660548e-01 2.321570763938338613e-43
7.461050330127703134e-01 2.410282483056796455e-43
7.633603237880162151e-01 2.502433481489933126e-43
7.810146804408047982e-01 2.598162255682153307e-43
7.990773322316969685e-01 2.697607731732373616e-43
8.175577218678431457e-01 2.800902126519393592e-43
8.364655104393973195e-01 2.908213992185388261e-43
8.558105824700924513e-01 3.019704974971840356e-43
8.756030510846303239e-01 3.135543960960063676e-43
8.958532632955686914e-01 3.255907539981542642e-43
9.165718054124843972e-01 3.380980527180705694e-43
9.377695085762343119e-01 3.510956553574465945e-43
9.594574544212077782e-01 3.646038739524876755e-43
9.816469808685273080e-01 3.786440468211723401e-43
1.004349688053239209e+00 3.929423389989770106e-43
1.027577444388572125e+00 4.064822426676200168e-43
1.051342392770451273e+00 4.204983654306573655e-43
1.075656956925505447e+00 4.350084968311978589e-43
1.100533847905877494e+00 4.500312404043756631e-43
1.125986070734256606e+00 4.655860742870065688e-43
1.152026931202575710e+00 4.816934195050714628e-43
1.178670042827952402e+00 4.983747171841252759e-43
1.205929333969498307e+00 5.156525161441152094e-43
1.233819055109721452e+00 5.335505725943119921e-43
1.262353786304321268e+00 5.520895867781844350e-43
1.291548444804287099e+00 5.712615273528742889e-43
1.321418292854264154e+00 5.911198555584272879e-43
1.351978945671277188e+00 6.116912365338173487e-43
1.383246379607981469e+00 6.330036179364397664e-43
1.415236940504698060e+00 6.550863211084929502e-43
1.447967352234623917e+00 6.779701417168556513e-43
1.481454725446652132e+00 7.016874610637041804e-43
1.515716566510397545e+00 7.262723694272061126e-43
1.550770786668094425e+00 7.517608029760184472e-43
1.586635711398144855e+00 7.781867603649779223e-43
1.623330089995233649e+00 8.055053247472087667e-43
1.660873105371990066e+00 8.338241533940847048e-43
1.699284384087340616e+00 8.631836969295053920e-43
1.738584006606789689e+00 8.936166497558106936e-43
1.778792517799983264e+00 9.234641361960304730e-43
1.819930937681068839e+00 9.543635873971647457e-43
1.862020772397430024e+00 9.863576709769300023e-43
1.905084025472571163e+00 1.019491366636042470e-42
1.949143209309014413e+00 1.053812146085506788e-42
1.994221356957227353e+00 1.089370170912858482e-42
2.040342034156724882e+00 1.126025784974642360e-42
2.087529351655665000e+00 1.163980853168053838e-42
2.135807977815344483e+00 1.203292002892089996e-42
2.185203151506208474e+00 1.244014475594674511e-42
2.235740695302109504e+00 1.286206366190525625e-42
2.287447028979700647e+00 1.329928819169337568e-42
2.340349183330053595e+00 1.375246241361973040e-42
2.394474814289680342e+00 1.422226532939173457e-42
2.449852217398371224e+00 1.470941338372581479e-42
2.506510342591404594e+00 1.521466319258898269e-42
2.564478809333857967e+00 1.573466527787964354e-42
2.623787922104920511e+00 1.627316258697444563e-42
2.684468686240341739e+00 1.683132103600055670e-42
2.746552824141240468e+00 1.740995278629285848e-42
2.810072791857794794e+00 1.800991063866725971e-42
2.875061796056464392e+00 1.863209055329718485e-42
2.941553811379601591e+00 1.927743435404916644e-42
3.009583598206571065e+00 1.994693263213060300e-42
3.079186720825603185e+00 2.061676407315180051e-42
3.150399566025928078e+00 2.130563348884391490e-42
3.223259362119888838e+00 2.201285205142090844e-42
3.297804198404969966e+00 2.274385721414235895e-42
3.374073045075959509e+00 2.350091708793831863e-42
3.452105773597586413e+00 2.428508181707171359e-42
3.531943177548340529e+00 2.509745182918795216e-42
3.613626993946349231e+00 2.593918071329597110e-42
3.697199925068440418e+00 2.681147828624750131e-42
3.782705660773859613e+00 2.771561386108760674e-42
3.870188901344231880e+00 2.865291973162543734e-42
3.959695380851763868e+00 2.962479488864505741e-42
4.051271891067886877e+00 3.062410219483406999e-42
4.144966305924841166e+00 3.165689349368681663e-42
4.240827606542961092e+00 3.272708478924271981e-42
4.338905906836823867e+00 3.383618806822159573e-42
4.439252479713540644e+00 3.498578566967567392e-42
4.541919783876971373e+00 3.617753405124229096e-42
4.646961491251837550e+00 3.741316778024873731e-42
4.754432515042060992e+00 3.869450376406188671e-42
4.864389038438051038e+00 4.002344573503303646e-42
4.976888543987868729e+00 4.140198900640267658e-42
5.091989843647685809e+00 4.282001071614894347e-42
5.209753109527217596e+00 4.428453932080504356e-42
5.330239905346216389e+00 4.576968094288146898e-42
5.453513218618443403e+00 4.728910343533471716e-42
5.579637493580005270e+00 4.886304283739976078e-42
5.708678664879193398e+00 5.049368520301125616e-42
5.840704192045482301e+00 5.218331642995585053e-42
5.975783094755715119e+00 5.393432740454443393e-42
6.113985988915850989e+00 5.574921943623357400e-42
6.255385123577252848e+00 5.763060999948604970e-42
6.400054418706676351e+00 5.955996789695231953e-42
6.548069503829806237e+00 6.154517714394827534e-42
6.699507757568505362e+00 6.360101227195622503e-42
6.854448348092414989e+00 6.573021274227963284e-42
7.012972274506156012e+00 6.793563524262113567e-42
7.175162409193626800e+00 7.022025919511035877e-42
7.341103541141641209e+00 7.258719254331661218e-42
7.510882420265518888e+00 7.503967783313866587e-42
7.684587802759763164e+00 7.758109860328498269e-42
7.862310497497646544e+00 8.021498610192946441e-42
8.044143413503814344e+00 8.292028955877571723e-42
8.230181608524825165e+00 8.570163553324272290e-42
8.420522338722989275e+00 8.858165708186232180e-42
8.615265109519494757e+00 9.156410642587243034e-42
8.814511727613338010e+00 9.465288970323025493e-42
9.018366354203397606e+00 9.785207375553716836e-42
9.226935559441301393e+00 1.011259041746353722e-41
9.440328378143666654e+00 1.044666718199513820e-41
9.658656366792810033e+00 1.079253364123693605e-41
9.882033661855684770e+00 1.115064096439493085e-41
1.011057703945165009e+01 1.151931928844067728e-41
1.034440597640009862e+01 1.189854533645042562e-41
1.058364271267998902e+01 1.229098789360569244e-41
1.082841231533388182e+01 1.269714009947605544e-41
1.107884274384990242e+01 1.311751487034546292e-41
1.133506491705574959e+01 1.355264574712770568e-41
1.159721278155988422e+01 1.400308778168091222e-41
1.186542338177545552e+01 1.446941846332708039e-41
1.213983693156373711e+01 1.495223868747883802e-41
1.242059688753447411e+01 1.545217376836199352e-41
1.270785002404139874e+01 1.596393664573000087e-41
1.300174650991230507e+01 1.648461489392705223e-41
1.330243998695353902e+01 1.702296089426745423e-41
1.361008765027014888e+01 1.757960168109007496e-41
1.392485033044360598e+01 1.815518761262290393e-41
1.424689257760999084e+01 1.875039327860070371e-41
1.457638274748282292e+01 1.936591844464134049e-41
1.491349308936519513e+01 2.000248903491428378e-41
1.525839983619746221e+01 2.066085815471039702e-41
1.561128329668747661e+01 2.134180715458359187e-41
1.597232794957145074e+01 2.204074718913755936e-41
1.634172254005496683e+01 2.274924995407858921e-41
1.671966017848423292e+01 2.348156237691155973e-41
1.710633844129942105e+01 2.423852537011887262e-41
1.750195947432271026e+01 2.502101109062021986e-41
1.790673009843516184e+01 2.582992415663471945e-41
1.832086191769747430e+01 2.666620291387078694e-41
1.874457142997144743e+01 2.753082075310844603e-41
1.917808014009964879e+01 2.842478748132398486e-41
1.962161467570265572e+01 2.934915074860385515e-41
2.007540690565441821e+01 3.030063666797773808e-41
2.053969406129744257e+01 3.127193706416557091e-41
2.101471886046162751e+01 3.227552007182757398e-41
2.150072963435102125e+01 3.331250155924632890e-41
2.199798045736526930e+01 3.438403752058976914e-41
2.250673127992340739e+01 3.549132557325178275e-41
2.302724806435951166e+01 3.663560651290531484e-41
2.355980292396121456e+01 3.781816592855599635e-41
2.410467426522385637e+01 3.904033587997183625e-41
2.466214693339429687e+01 4.030349663995913126e-41
2.523251236138126075e+01 4.160506985915804594e-41
2.581606872210905124e+01 4.293323595448968257e-41
2.641312108439501571e+01 4.430506673635968957e-41
2.702398157243197474e+01 4.572204303434113920e-41
2.764896952895902871e+01 4.718383192560943890e-41
2.828841168220601432e+01 4.867339768001939854e-41
2.894264231669896148e+01 5.021156760976221213e-41
2.961200344801574857e+01 5.179998402052754855e-41
3.029684500158338167e+01 5.344034666339311735e-41
3.099752499561040864e+01 5.513441480973288803e-41
3.171440972824972704e+01 5.688130721518393690e-41
3.244787396909055843e+01 5.866599556156194177e-41
3.319830115507846813e+01 6.050825904736395931e-41
3.396608359096676111e+01 6.241000983339129674e-41
3.475162265440369680e+01 6.437322543842679842e-41
3.555532900576280042e+01 6.639995103423141958e-41
3.637762280282591831e+01 6.849230182308926628e-41
3.721893392043129722e+01 7.065246550093079010e-41
3.807970217520155387e+01 7.288270480918024185e-41
3.896037755546885251e+01 7.518536017858566243e-41
3.986142045651778432e+01 7.756085547501814469e-41
4.078330192126830411e+01 7.997835124341959292e-41
4.172650388652576936e+01 8.247289278465731523e-41
4.269151943492524737e+01 8.504699228906041429e-41
4.367885305270300478e+01 8.770324572362390395e-41
4.468902089342942929e+01 9.044433568576345452e-41
4.572255104784129998e+01 9.327303435617007979e-41
4.677998381991458388e+01 9.619220655427151526e-41
4.786187200932197072e+01 9.920481289991688675e-41
4.896878120042283911e+01 1.022731092363631433e-40
5.010129005793687185e+01 1.054342010528019302e-40
5.125999062945525253e+01 1.086357308052013155e-40
5.244548865494905954e+01 1.119353944726931402e-40
5.365840388343474388e+01 1.153372070842388985e-40
5.489937039696367549e+01 1.188443927987808952e-40
5.616903694210454034e+01 1.224602794964025692e-40
5.746806726909196072e+01 1.261883021758042230e-40
5.879714047881871863e+01 1.300320064649135843e-40
6.015695137785286306e+01 1.339950522484677115e-40
6.154821084166539436e+01 1.380812174165092593e-40
6.297164618625836141e+01 1.422944017379063958e-40
6.442800154838776905e+01 1.466387998516242237e-40
6.591803827457937359e+01 1.511184271573342067e-40
6.744253531914250743e+01 1.557375589754338831e-40
6.900228965138768444e+01 1.605006247363356828e-40
7.059811667226243515e+01 1.654121971817794304e-40
7.223085064062286165e+01 1.704769970841427327e-40
7.390134510936337620e+01 1.756998981236704224e-40
7.561047337163317650e+01 1.810859319289869412e-40
7.735912891737210373e+01 1.866402932864251595e-40
7.914822590040525085e+01 1.923683455239212428e-40
8.097869961633993796e+01 1.982247503945793031e-40
8.285150699151458298e+01 2.042526513748842410e-40
8.476762708325698270e+01 2.104234371773233694e-40
8.672806159171067009e+01 2.167664584219571538e-40
8.873383538349902722e+01 2.233041947448787996e-40
9.078599702750024392e+01 2.300427331711565277e-40
9.288561934301317535e+01 2.369883543890092165e-40
9.503379996060064627e+01 2.441475390134488115e-40
9.723166189590358499e+01 2.515269740555676238e-40
9.948035413672579352e+01 2.591335596042717605e-40
1.017810522436962799e+02 2.668757788158718632e-40
1.041349589648235394e+02 2.748226549358882229e-40
1.065433048642614864e+02 2.830094439888480609e-40
1.090073489656193146e+02 2.914434886142641435e-40
1.115283794101469113e+02 3.001323591785059023e-40
1.141077141301434779e+02 3.090838609268291352e-40
1.167467015379399271e+02 3.183060413626796968e-40
1.194467212308154274e+02 3.278071978614934254e-40
1.222091847122166683e+02 3.375958855266080312e-40
1.250355361296570322e+02 3.476809252949889241e-40
1.279272530296810260e+02 3.580714123008591781e-40
1.308858471302891360e+02 3.687767245054687683e-40
1.339128651112267789e+02 3.798065316016162800e-40
1.370098894225490938e+02 3.911708042017010104e-40
1.401785391118883410e+02 4.028798233184986788e-40
1.434204706708507899e+02 4.149441901479891575e-40
1.467373789009897393e+02 4.273148255230924545e-40
1.501309977998059253e+02 4.400060166058809167e-40
1.536031014672383606e+02 4.530800763744339412e-40
1.571555050331199936e+02 4.665487343991790012e-40
1.607900656060824929e+02 4.801230843113163453e-40
1.645086832444067682e+02 4.939145347878143139e-40
1.683133019493263873e+02 5.081053028371816041e-40
1.722059106813036067e+02 5.227070414052384757e-40
1.761885443998071992e+02 5.377317461040626078e-40
1.802632851271411880e+02 5.531917653625852731e-40
1.844322630368728824e+02 5.690998108799858657e-40
1.886976575674354422e+02 5.854689683909169441e-40
1.930616985614842349e+02 6.023127087520107147e-40
1.975266674316034425e+02 6.196448993592393329e-40
2.020948983529719385e+02 6.374798159061085783e-40
2.067687794836124340e+02 6.558321544929114407e-40
2.115507542128612499e+02 6.747170440975937711e-40
2.164433224387123005e+02 6.941500594191029897e-40
2.214490418747000149e+02 7.141472341043896231e-40
2.265705293870113621e+02 7.347250743706774469e-40
2.318104623625168870e+02 7.559005730347553676e-40
2.371715801084428392e+02 7.776912239616601650e-40
2.426566852844129585e+02 8.001150369452930376e-40
2.482686453676097074e+02 8.231905530339856466e-40
2.540103941518203499e+02 8.462729249745798302e-40
2.598849332811515183e+02 8.692273981797785072e-40
2.658953338192147839e+02 8.928058396970048414e-40
2.720447378546022037e+02 9.170252468296410546e-40
2.783363601434935504e+02 9.419030808622084908e-40
2.847734897902483908e+02 9.674572797514174302e-40
2.913594919668724401e+02 9.937062711652562534e-40
2.980978096722433293e+02 1.020668985879239555e-39
3.049919655320261995e+02 1.048364871539933185e-39
3.120455636402147661e+02 1.076813906805782668e-39
3.192622914432628818e+02 1.106036615875503440e-39
3.266459216677898780e+02 1.136054083414780233e-39
3.342003142928687680e+02 1.166887969892150850e-39
3.419294185679277120e+02 1.198560527335431458e-39
3.498372750773206690e+02 1.231094615520014426e-39
3.579280178526418581e+02 1.264513718601138252e-39
3.662058765338994135e+02 1.298841962202162406e-39
3.746751785806637258e+02 1.334104130971497377e-39
3.833403515343567847e+02 1.370325686620927299e-39
3.922059253328612272e+02 1.407532786458692756e-39
4.012765346786596865e+02 1.447070417505039916e-39
4.105569214617424905e+02 1.490290754137076862e-39
4.200519372385505790e+02 1.534826126497614575e-39
4.297665457682486476e+02 1.580717264701245090e-39
4.397058256076559246e+02 1.627987327742469261e-39
4.498749727661907514e+02 1.676600420078419528e-39
4.602793034222119104e+02 1.726692999222086982e-39
4.709242567021905757e+02 1.778310919071837813e-39
4.818153975241473859e+02 1.831501478811466411e-39
4.929584195068546819e+02 1.886313469156405626e-39
5.043591479463192968e+02 1.942797220099315612e-39
5.160235428611034649e+02 2.001004650203972122e-39
5.279577021080743862e+02 2.060989317498593707e-39
5.401678645702132826e+02 2.122806472020700646e-39
5.526604134181488917e+02 2.186513110067903140e-39
5.654418794471208685e+02 2.252168030210584362e-39
5.785189444911192140e+02 2.319831891124274275e-39
5.918984449159764836e+02 2.389567271301427946e-39
6.055873751932585947e+02 2.461438730704555021e-39
6.195928915567955073e+02 2.535512874424265960e-39
6.339223157437851341e+02 2.610276037683837606e-39
6.485831388224158900e+02 2.680956641417681395e-39
6.635830251080119524e+02 2.753554622330706575e-39
6.789298161697471414e+02 2.828122086898589013e-39
6.946315349300234629e+02 2.904712560111699090e-39
7.106963898586562891e+02 2.983381024157358142e-39
7.271327792640587404e+02 3.064183958158819993e-39
7.439492956836717212e+02 3.147179378999725141e-39
7.611547303759228953e+02 3.232426883263714801e-39
7.787580779160883822e+02 3.319599364068062408e-39
7.967685408984278865e+02 3.409120726818852175e-39
8.151955347470747029e+02 3.501061563110198546e-39
8.340486926381863668e+02 3.595487403964662446e-39
8.533378705359303922e+02 3.692465559013409731e-39
8.730731523449388760e+02 3.792065164868411313e-39
8.932648551819235081e+02 3.894357234812368498e-39
9.139235347692091409e+02 3.999414709843020726e-39
9.350599909530059222e+02 4.107312511108481829e-39
9.566852733492938796e+02 4.218127593771596434e-39
9.788106871202998036e+02 4.331939002342494441e-39
1.001447798884549115e+03 4.449585273518758617e-39
1.024608442763608764e+03 4.581996545858031170e-39
1.048304726568673686e+03 4.718416621786143416e-39
1.072549038130230201e+03 4.858968852728905826e-39
1.097354051774107802e+03 5.003780442154385823e-39
1.122732734947301651e+03 5.152982567450384102e-39
1.148698354997034130e+03 5.306710505702014962e-39
1.175264486106594859e+03 5.465103763495457573e-39
1.202445016391590116e+03 5.627476920340622612e-39
1.230254155160296250e+03 5.785997419312054442e-39
1.258706440341948564e+03 5.949013166266655354e-39
1.287816746086801004e+03 6.116652456912964841e-39
1.317600290541966615e+03 6.289047271015986147e-39
1.348072643807087843e+03 6.466229750403858078e-39
1.379249736073998747e+03 6.648411230648338976e-39
1.411147865954635336e+03 6.835760684750575512e-39
1.443783709001545958e+03 7.028425676677292330e-39
1.477174326425458048e+03 7.226558010111416008e-39
1.511337174014458697e+03 7.424362756456214554e-39
1.546290111259437026e+03 7.615160475392371706e-39
1.582051410690601870e+03 7.810863736476469038e-39
1.618639767429896210e+03 8.011598725241186624e-39
1.656074308964346756e+03 8.217494874725042752e-39
1.694374605145441137e+03 8.428684949094097600e-39
1.733560678419760507e+03 8.675863440211253411e-39
1.773653014296220817e+03 8.935755973917546580e-39
1.814672572055387946e+03 9.203568143241709459e-39
1.856640795706471408e+03 9.479545137783057746e-39
1.899579625197721725e+03 9.763939847092849140e-39
1.943511507886095387e+03 1.005701310551682545e-38
1.988459410272162131e+03 1.035903394490692346e-38
2.034446830006446135e+03 1.064039008138344388e-38
2.081497808173400244e+03 1.091902717979861137e-38
2.129636941859493618e+03 1.120496534554068546e-38
2.178889397011960227e+03 1.149839600303142482e-38
2.229280921594931442e+03 1.180482203099265668e-38
2.280837859049835515e+03 1.212340294383150535e-38
2.333587162067096415e+03 1.245192723800749393e-38
2.387556406676332699e+03 1.279023355985270617e-38
2.442773806662423340e+03 1.313775674184535820e-38
2.499268228314979751e+03 1.349474856027845900e-38
2.557069205518909712e+03 1.359671581531611587e-38
2.616206955194028978e+03 1.369998896899408672e-38
2.676712393091699596e+03 1.380807560198140425e-38
2.738617149956824505e+03 1.423149282640516978e-38
2.801953588063617190e+03 1.487087632977567156e-38
2.866754818133799290e+03 1.554351417462840006e-38
2.933054716646062843e+03 1.625129823154264966e-38
3.000887943545857979e+03 1.699238005336864304e-38
3.070289960364751096e+03 1.746522485178422927e-38
3.141297048758839537e+03 1.795128309590716850e-38
3.213946329475905259e+03 1.845092549741446503e-38
3.288275781761200051e+03 1.896453320707448584e-38
3.364324263212091410e+03 1.950289149839598721e-38
3.442131530091828154e+03 2.005859970318391791e-38
3.521738258113135998e+03 2.063024358915901441e-38
3.603186063702472893e+03 2.121828284881362675e-38
3.686517525756067698e+03 2.182319050746624064e-38
3.771776207899111341e+03 2.244545331187287113e-38
3.859006681259742891e+03 2.308557213021714132e-38
3.948254547769729925e+03 2.374406236381018698e-38
4.039566464004040881e+03 2.450187559730509814e-38
4.132990165571710349e+03 2.539580190017916665e-38
4.228574492070886663e+03 2.632481262090769286e-38
4.326369412620929324e+03 2.729818779575267888e-38
4.426426051985036793e+03 2.833247211904250505e-38
4.528796717297004761e+03 2.940886107096989454e-38
4.633534925406104776e+03 3.052919027086249810e-38
4.740695430854365441e+03 3.169538058922403330e-38
4.850334254500889983e+03 3.290944233608632397e-38
4.962508712808177734e+03 3.417347966523338835e-38
5.077277447805748125e+03 3.558445034449093465e-38
5.194700457746755092e+03 3.710661971027292087e-38
5.314839128473547134e+03 3.876243155295131390e-38
5.437756265508723118e+03 4.098400525574338864e-38
5.563516126888269355e+03 4.334784904632159678e-38
5.692184456754077473e+03 4.586355898397479922e-38
5.823828519723353565e+03 4.854139324324141552e-38
5.958517136052893875e+03 5.139231827683152422e-38
6.096320717616614274e+03 5.425516218131029051e-38
6.237311304715133701e+03 5.721164373988757391e-38
6.381562603736655547e+03 6.096704465009023603e-38
6.529150025688863025e+03 6.568721759279129918e-38
6.680150725621866513e+03 7.081560379246541995e-38
6.834643642963039383e+03 7.638882378553800201e-38
6.992709542784538826e+03 8.244682056204910891e-38
7.154431058025300445e+03 8.900061067348871947e-38
7.319892732689493641e+03 9.608285160711816317e-38
7.489181066044034196e+03 1.034581868562413048e-37
7.662384557838257024e+03 1.114465765470803178e-37
7.839593754569395969e+03 1.201004579670459854e-37
8.020901296818050469e+03 1.295376170158442436e-37
8.206401967678386427e+03 1.402828646675324291e-37
8.396192742308410743e+03 1.518170391249336317e-37
8.590372838626110024e+03 1.641856827055442123e-37
8.789043769178231742e+03 1.776236376146017255e-37
8.992309394208450612e+03 1.922251906582396325e-37
9.200275975952961744e+03 2.060658388220417830e-37
9.413052234191740354e+03 2.217260981841618058e-37
9.630749403084550067e+03 2.394584705869310095e-37
9.853481289321409349e+03 2.586773494429056056e-37
1.008136433161791683e+04 2.785984124188492625e-37
1.031451766158651662e+04 2.972480246222021836e-37
1.055306316601556682e+04 3.171870045668870232e-37
1.079712555058875114e+04 3.385058731134073878e-37
1.104683240507803930e+04 3.613015571027984429e-37
1.130231427004458783e+04 3.856778448723124814e-37
1.156370470508202561e+04 4.117458742699626016e-37
1.183114035863812933e+04 4.396246554925059325e-37
1.210476103945124669e+04 4.681163669607336263e-37
1.238470978963884045e+04 4.961983438303237649e-37
1.267113295947637016e+04 5.259943984266308526e-37
1.296418028390558902e+04 5.576099918015477062e-37
1.326400496081226811e+04 5.911570970044739916e-37
1.357076373111425346e+04 6.267546018320216275e-37
1.388461696070176913e+04 6.645287365045787024e-37
1.420572872427262155e+04 7.046135278131402672e-37
1.453426689110655389e+04 7.471512813751147974e-37
1.487040321282304285e+04 7.922930937394641198e-37
1.521431341316881662e+04 8.379994578838265892e-37
1.556617727988188017e+04 8.849557340028896618e-37
1.592617875868009469e+04 9.345625497356991334e-37
1.629450604942344216e+04 9.841620540887091199e-37
1.667135170450025544e+04 1.036423952681435864e-36
1.705691272948883488e+04 1.090488228409617046e-36
1.745139068614713324e+04 1.141237583263671773e-36
1.785499179778409234e+04 1.194354772165731159e-36
1.826792705706832203e+04 1.249950536219129912e-36
1.869041233632966396e+04 1.308140807298868371e-36
1.912266850041198268e+04 1.369046951862479758e-36
1.956492152213579539e+04 1.432796026234487989e-36
2.001740260043129820e+04 1.499280996217152461e-36
2.048034828120342354e+04 1.562518503194995695e-36
2.095400058099218950e+04 1.628427953767696886e-36
2.143860711349295889e+04 1.697122479956593952e-36
2.193442121900274287e+04 1.768720015731363502e-36
2.244170209686028466e+04 1.843343501426669418e-36
2.296071494094887748e+04 1.921121096890214228e-36
2.349173107833341419e+04 2.002186403737312121e-36
2.403502811110331095e+04 2.086678697101891189e-36
2.459089006149602210e+04 2.174743167292073796e-36
2.515960752037684506e+04 2.264730184664947281e-36
2.574147779915264255e+04 2.350684087344668772e-36
2.633680508519885916e+04 2.439574404310005214e-36
2.694590060088116661e+04 2.531998520091971110e-36
2.756908276625481813e+04 2.628107655680332652e-36
2.820667736552680435e+04 2.728060184875391150e-36
2.885901771736756200e+04 2.832022014385944126e-36
2.952644484916205693e+04 2.940166986490237969e-36
3.020930767529022705e+04 3.049344878982607292e-36
3.090796317953084508e+04 3.154945448650212606e-36
3.162277660168379225e+04 3.264492474189813158e-36
3.235412162850839377e+04 3.378152917451646610e-36
3.310238058907759114e+04 3.496102034391829562e-36
3.386794465465013491e+04 3.618523856247956557e-36
3.465121404316519329e+04 3.745611701953485223e-36
3.545259822846644238e+04 3.877568723956429663e-36
3.627251615436487191e+04 4.014608489763073543e-36
3.711139645365197794e+04 4.156955601693055642e-36
3.796967767217879009e+04 4.304846357512200628e-36
3.884780849811653025e+04 4.458529454799621734e-36
3.974624799651969079e+04 4.618266742112065612e-36
4.066546584931394318e+04 4.767243144553097312e-36
4.160594260083416884e+04 4.914917978719976753e-36
4.256816990904117847e+04 5.067893616455415651e-36
4.355265080254830536e+04 5.226398712051230177e-36
4.455989994359230332e+04 5.390673703482577113e-36
4.559044389708602830e+04 5.560971503287205995e-36
4.664482140589364280e+04 5.737558233068833824e-36
4.772358367247163551e+04 5.920714004483243720e-36
4.882729464702443511e+04 6.110733749754118087e-36
4.995653132232320058e+04 6.307928104972331155e-36
5.111188403534344252e+04 6.512624349645675639e-36
5.229395677587862883e+04 6.725167406199877865e-36
5.350336750229103200e+04 6.945920903378709139e-36
5.474074846456510568e+04 7.175268307752783753e-36
5.600674653483210568e+04 7.389938680517223572e-36
5.730202354553883197e+04 7.606449107219665985e-36
5.862725663543722476e+04 7.831194849129196746e-36
5.998313860357589874e+04 8.064586314787239758e-36
6.137037827147780627e+04 8.307058278105867907e-36
6.278970085369532899e+04 8.559071446446551421e-36
6.424184833693402470e+04 8.793650238135047484e-36
6.572757986794497992e+04 9.015158501479446551e-36
6.724767215038796712e+04 9.242728021865071545e-36
6.880291985087290232e+04 9.476538379352764849e-36
7.039413601439184276e+04 9.715363033902672793e-36
7.202215248935877753e+04 9.956301607826227002e-36
7.368782036247941141e+04 1.020378123285164047e-35
7.539201040367837413e+04 1.045799606293414587e-35
7.713561352131550666e+04 1.071914650049389286e-35
7.891954122793172428e+04 1.098743941120761116e-35
8.074472611676447559e+04 1.126308834654878684e-35
8.261212234928460384e+04 1.154631377436882715e-35
8.452270615400838142e+04 1.183734331781660988e-35
8.647747633684551693e+04 1.213641200290811488e-35
8.847745480325022072e+04 1.244376251507068104e-35
9.052368709244806087e+04 1.275964546499686615e-35
9.261724292401800631e+04 1.308431966415508728e-35
9.475921675711525313e+04 1.341805241032094512e-35
9.695072836262767669e+04 1.376111978350375215e-35
9.919292340856351075e+04 1.411380695265699827e-35
1.014869740589793073e+05 1.446076316697199810e-35
1.038340795867576671e+05 1.480799049113134793e-35
1.062354670005574299e+05 1.516480556205866838e-35
1.086923916862635524e+05 1.553150852381649580e-35
1.112061380632716900e+05 1.590840986831853515e-35
1.137780202559509198e+05 1.629583081567037797e-35
1.164093827806353511e+05 1.669410370903020435e-35
1.191016012485040555e+05 1.710357242455967129e-35
1.218560830847166944e+05 1.752459279704918961e-35
1.246742682641796418e+05 1.795753306183416408e-35
1.275576300643306458e+05 1.840277431363461853e-35
1.305076758353308251e+05 1.886071098298096583e-35
1.335259477880702470e+05 1.933175133091168487e-35
1.366140238003976119e+05 1.981631796266006598e-35
1.397735182419957127e+05 2.031484836106856858e-35
1.430060828183339618e+05 2.082779544050684152e-35
1.463134074341391097e+05 2.135562812209090047e-35
1.496972210768355581e+05 2.189883193104366453e-35
1.531592927204172011e+05 2.245790961705677139e-35
1.567014322502235882e+05 2.303338179856133660e-35
1.603254914091018436e+05 2.358640921034584177e-35
1.640333647654539382e+05 2.405812144633153593e-35
1.678269907036687655e+05 2.453942191254833884e-35
1.717083524374619592e+05 2.500635024354620179e-35
1.756794790466509003e+05 2.545071633593905633e-35
1.797424465379073226e+05 2.590318547289871533e-35
1.838993789300422359e+05 2.636390883551029424e-35
1.881524493643904279e+05 2.683304048388092473e-35
1.925038812408749072e+05 2.731073741298530772e-35
1.969559493803453515e+05 2.779715960960896555e-35
2.015109812137984845e+05 2.829247011041554667e-35
2.061713579990998260e+05 2.879683506116074645e-35
2.109395160658487002e+05 2.931042377707410322e-35
2.158179480890295235e+05 2.983340880443126504e-35
2.208092043921207951e+05 3.036596598334490361e-35
2.259158942803413083e+05 3.090827451179297919e-35
2.311406874047300953e+05 3.146051701091299264e-35
2.364863151577740209e+05 3.202287959158756771e-35
2.419555721013121365e+05 3.259555192234463257e-35
2.475513174274633639e+05 3.317872729859999218e-35
2.532764764533413691e+05 3.377173454410958016e-35
2.591340421503379475e+05 3.437090201259528214e-35
2.651270767087744316e+05 3.498119104769870542e-35
2.712587131387387053e+05 3.560281406208372754e-35
2.775321569079456967e+05 3.623598761467248511e-35
2.839506876174762147e+05 3.688093249309530063e-35
2.905176607162725995e+05 3.753787379780488651e-35
2.972365092552794376e+05 3.820704102789482148e-35
3.041107456821648520e+05 3.886972066190962878e-35
3.111439636775362305e+05 3.953140530100943756e-35
3.183398400336290360e+05 4.020499598928179913e-35
3.257021365764423390e+05 4.089071597698106248e-35
3.332347021323285880e+05 4.158879284289845459e-35
3.409414745400645770e+05 4.229945858064345823e-35
3.488264827094561770e+05 4.302294968669210646e-35
3.568938487275526277e+05 4.375950725022539872e-35
3.651477900135714444e+05 4.450937704480211549e-35
3.735926215236608987e+05 4.527280962190605354e-35
3.822327580066523515e+05 4.605006040639844533e-35
3.910727163119812612e+05 4.684138979392569818e-35
4.001171177509847912e+05 4.764625545619396411e-35
4.093706905128085054e+05 4.840220597426484873e-35
4.188382721361867152e+05 4.917053065236149290e-35
4.285248120383880450e+05 4.995143540350907456e-35
4.384353741026482894e+05 5.074512960567477697e-35
4.485751393254428403e+05 5.155182616061584013e-35
4.589494085249839118e+05 5.237174155372648311e-35
4.695636051123584621e+05 5.320509591491886557e-35
4.804232779267459409e+05 5.405211308053901870e-35
4.915341041362253600e+05 5.491302065635004312e-35
5.029018922056503943e+05 5.577063152490128781e-35
5.145325849331732607e+05 5.658997920224803740e-35
5.264322625569922384e+05 5.742194465589482757e-35
5.386071459339497378e+05 5.826672916298786228e-35
5.510635997916420456e+05 5.912453730514827201e-35
5.638081360557416920e+05 5.999557702404352130e-35
5.768474172542706365e+05 6.088005967791544156e-35
5.901882600006050197e+05 6.177820009907838128e-35
6.038376385570320999e+05 6.269021665239895571e-35
6.178026884807216702e+05 6.361633129478846443e-35
6.320907103540187236e+05 6.455676963570971930e-35
6.467091736010072054e+05 6.551176099872803605e-35
6.616657203923399793e+05 6.648153848411574421e-35
6.769681696403762326e+05 6.746633903253665431e-35
6.926245210867157439e+05 6.846640348982281993e-35
7.086429594842651859e+05 6.948197667286776697e-35
7.250318588760248385e+05 7.051330743664953267e-35
7.417997869728303049e+05 7.156064874241012439e-35
7.589555096323402831e+05 7.262425772700843967e-35
7.765079954416126711e+05 7.370439577346454444e-35
7.944664204056471353e+05 7.480132858271930015e-35
8.128401727443926502e+05 7.591532624663395058e-35
8.316388578006634489e+05 7.704666332224196297e-35
8.508723030615777243e+05 7.819561890728498309e-35
8.705505632961248048e+05 7.936247671704633189e-35
8.906839258115490666e+05 8.036183754144603787e-35
9.112829158312997315e+05 8.132490769709592923e-35
9.323583019973569317e+05 8.229973371803459222e-35
9.539211019998112461e+05 8.328646071120630883e-35
9.759825883366391063e+05 8.428523558859252168e-35
9.985542942066858523e+05 8.529620708979713405e-35
1.021648019538936554e+06 8.626674274138623405e-35
1.045275837161226547e+06 8.724485157268278064e-35
1.069450099111617077e+06 8.823418330004108901e-35
1.094183443095735041e+06 8.923486746533809866e-35
1.119488799093452049e+06 9.024703511049984046e-35
1.145379396118358709e+06 9.127081879490493026e-35
1.171868769133564550e+06 9.230635261298981344e-35
1.198970766127442243e+06 9.335377221206152289e-35
1.226699555353012634e+06 9.441321481031123655e-35
1.255069632734762039e+06 9.548481921504600729e-35
1.284095829446731601e+06 9.656872584112257519e-35
1.313793319665919989e+06 9.766507672960219620e-35
1.344177628504944965e+06 9.877401556662213561e-35
1.375264640128194820e+06 9.989568770248051246e-35
1.407070606055675307e+06 1.010302401709496118e-34
1.439612153658902040e+06 1.021778217088098389e-34
1.472906294853278901e+06 1.033385827756105167e-34
1.506970434991505696e+06 1.045126755736668271e-34
1.541822381962666288e+06 1.057002540682754055e-34
1.577480355501752114e+06 1.069014740081786530e-34
1.613962996714487439e+06 1.081164929462592261e-34
1.651289377822439186e+06 1.093454702604798441e-34
1.689479012133501936e+06 1.105885671750595397e-34
1.728551864242971176e+06 1.118699315753483488e-34
1.768528360470540822e+06 1.131753743703536395e-34
1.809429399538676720e+06 1.144962444472904838e-34
1.851276363497950602e+06 1.158327254138152485e-34
1.894091128905048827e+06 1.171850030726806264e-34
1.937896078259291826e+06 1.185655768689566166e-34
1.982714111703653354e+06 1.199720047734870249e-34
2.028568658996394137e+06 1.213954171559303065e-34
2.075483691759528127e+06 1.228360201508493178e-34
2.123483736010641791e+06 1.242940223989141829e-34
2.172593884984455071e+06 1.257696350774009975e-34
2.222839812250953168e+06 1.272630719310633096e-34
2.274247785136891995e+06 1.287745493033692978e-34
2.326844678457707167e+06 1.303042861681288525e-34
2.380657988567001186e+06 1.318525041615069256e-34
2.435715847730956972e+06 1.334194276144131191e-34
2.492047038835189305e+06 1.350052835853028163e-34
2.549681010431726929e+06 1.366103018933705888e-34
2.608647892133983318e+06 1.382347151521414816e-34
2.668978510367774870e+06 1.398787588034817306e-34
2.730704404486613348e+06 1.415426711520168517e-34
2.793857843259696383e+06 1.432266933999761108e-34
2.858471841741223820e+06 1.449310696824492625e-34
2.924580178529850207e+06 1.466560471030836749e-34
2.992217413427298423e+06 1.484018757702158316e-34
3.061418905505369417e+06 1.500009830921731800e-34
3.132220831590789370e+06 1.515959089429999789e-34
3.204660205177559517e+06 1.532081106098764425e-34
3.278774895776706748e+06 1.548377769151778003e-34
3.354603648713473231e+06 1.564850987581506933e-34
3.432186105382494163e+06 1.581502691378775903e-34
3.511562823971283156e+06 1.598334831765015303e-34
3.592775300663061440e+06 1.615349381427142511e-34
3.675865991329935845e+06 1.632548334754925418e-34
3.760878333727778867e+06 1.649933708081119435e-34
3.847856770204408560e+06 1.667507539924203067e-34
3.936846770932951011e+06 1.685271891233817252e-34
4.027894857682518661e+06 1.703228845638998704e-34
4.121048628138641361e+06 1.721380509699052028e-34
4.216356780786156654e+06 1.738598617958991649e-34
4.313869140367571265e+06 1.753893654482247064e-34
4.413636683930205181e+06 1.769328170814322458e-34
4.515711567475729622e+06 1.784903473034969979e-34
4.620147153226028197e+06 1.800620879706251175e-34
4.726998037519654259e+06 1.816481721993736824e-34
4.836320079353437759e+06 1.832487343788991401e-34
4.948170429584187455e+06 1.848639101833018458e-34
5.062607560805747285e+06 1.864938365841157635e-34
5.179691297917015851e+06 1.881386518629143151e-34
5.299482849396925420e+06 1.897984956240298537e-34
5.422044839302740060e+06 1.914735088074157985e-34
5.547441340008276515e+06 1.931638337016201277e-34
5.675737905699482188e+06 1.948696139568916549e-34
5.807001606644458137e+06 1.965909945984184886e-34
5.941301064256152138e+06 1.983281220396906375e-34
6.078706486965936609e+06 2.000811440960079493e-34
6.219289706926839426e+06 2.018502099980939768e-34
6.363124217565611005e+06 2.036354704058705520e-34
6.510285212003272027e+06 2.054370774223588564e-34
6.660849622364214621e+06 2.072551846077078870e-34
6.814896159994412214e+06 2.090899469933791811e-34
6.972505356609759852e+06 2.109415210964543193e-34
7.133759606396065094e+06 2.128341773522168827e-34
7.298743209082686342e+06 2.147495240147797681e-34
7.467542414012345485e+06 2.166827690119020985e-34
7.640245465230148286e+06 2.186340843191171318e-34
7.816942647615383379e+06 2.206036435997388216e-34
7.997726334080228582e+06 2.225916222217106265e-34
8.182691033860016614e+06 2.245981972745859905e-34
8.371933441920324229e+06 2.266235475867183252e-34
8.565552489506708458e+06 2.286678537426069967e-34
8.763649395863546059e+06 2.307312981004059868e-34
8.966327721148807555e+06 2.328140648096403888e-34
9.173693420572955161e+06 2.349160324683575170e-34
9.385854899789564312e+06 2.370356589794474577e-34
9.602923071567147970e+06 2.391751504286106693e-34
9.825011413771605119e+06 2.413346981434072243e-34
1.005223602868964523e+07 2.434949607119167783e-34
1.028471570372418314e+07 2.456084120592714120e-34
1.052257197349345684e+07 2.477407524152606283e-34
1.076592918336631171e+07 2.498921541744559602e-34
1.101491455446688645e+07 2.520627913306500366e-34
1.126965825018266216e+07 2.542528394918972769e-34
1.153029344421066158e+07 2.564624758956645755e-34
1.179695639017735980e+07 2.586918794241587306e-34
1.206978649286870845e+07 2.609412306197869129e-34
1.234892638110749982e+07 2.632107117007649697e-34
1.263452198231619224e+07 2.655005065768633878e-34
1.292672259880415350e+07 2.678108008653265364e-34
1.322568098581920192e+07 2.701417819069174235e-34
1.353155343140427954e+07 2.724936387821291470e-34
1.384449983810096234e+07 2.748665623275612878e-34
1.416468380654255860e+07 2.772607451524155291e-34
1.449227272098051943e+07 2.796763816551845704e-34
1.482743783678855374e+07 2.821136680404882359e-34
1.517035436999104545e+07 2.845728023360553234e-34
1.552120158886141703e+07 2.870539844098935305e-34
1.588016290763920732e+07 2.895574159875975090e-34
1.624742598241449706e+07 2.920833006698319959e-34
1.662318280922985449e+07 2.946318439499835217e-34
1.700762982445112988e+07 2.972032532319785566e-34
1.740096800745950639e+07 2.997977378482716446e-34
1.780340298571855947e+07 3.024155090779907389e-34
1.821514514227119461e+07 3.050567801652829734e-34
1.863640972572270036e+07 3.077217663378060893e-34
1.906741696276738495e+07 3.104106848254109318e-34
1.950839217331763357e+07 3.131237548790145048e-34
1.995956588829559460e+07 3.158611977896117525e-34
2.042117397014902905e+07 3.185591920123229197e-34
2.089345773615436256e+07 3.212748900116227778e-34
2.137666408457137272e+07 3.240146876698576830e-34
2.187104562371549755e+07 3.267788048948431933e-34
2.237686080401521549e+07 3.295674636428699067e-34
2.289437405312350020e+07 3.323808879380857951e-34
2.342385591415418684e+07 3.352193038920517758e-34
2.396558318711479381e+07 3.380829397234809554e-34
2.451983907361131534e+07 3.409720257781995212e-34
2.508691332489861175e+07 3.438867945492412703e-34
2.566710239335528389e+07 3.468274806971942769e-34
2.626070958746165782e+07 3.497943210706937706e-34
2.686804523036192730e+07 3.527875547271582144e-34
2.748942682209341973e+07 3.558074229536731339e-34
2.812517920556775481e+07 3.588541692881074126e-34
2.877563473639066890e+07 3.619280395404312199e-34
2.944113345660931244e+07 3.650292818142218888e-34
3.012202327247779444e+07 3.681589157618024125e-34
3.081866013633397222e+07 3.713200385515612003e-34
3.153140823268251866e+07 3.745093776564890731e-34
3.226064016858155653e+07 3.777271918403341531e-34
3.300673716843241081e+07 3.809737422877224526e-34
3.377008927327428758e+07 3.842492926271626374e-34
3.455109554468806833e+07 3.875541089542366447e-34
3.535016427341582626e+07 3.908884598550390594e-34
3.616771319280511141e+07 3.942526164298172686e-34
3.700416969718962163e+07 3.976468523168560578e-34
3.785997106532049924e+07 4.010714437165894114e-34
3.873556468896426260e+07 4.045266694159291726e-34
3.963140830678902566e+07 4.080128108128505437e-34
4.054797024365834892e+07 4.115301519411864482e-34
4.148572965546005219e+07 4.150789794956973794e-34
4.244517677959699184e+07 4.186595828573275298e-34
4.342681319127111882e+07 4.222722541187597581e-34
4.443115206569450349e+07 4.257773310227015255e-34
4.545871844636466354e+07 4.292504938606697291e-34
4.651004951954431832e+07 4.327541688251222312e-34
4.758569489508903027e+07 4.362886371569832643e-34
4.868621689376965910e+07 4.398541827648649718e-34
4.981219084123974293e+07 4.434510922508015566e-34
5.096420536880146712e+07 4.470796549361894676e-34
5.214286272112757713e+07 4.507401628880435286e-34
5.334877907109995931e+07 4.544329109454331036e-34
5.458258484192957729e+07 4.581581967462615751e-34
5.584492503672612458e+07 4.619163207542238911e-34
5.713645957568965107e+07 4.657075862860778312e-34
5.845786364110054821e+07 4.695322995391796416e-34
5.980982803028809279e+07 4.733907696192459775e-34
6.119305951676245779e+07 4.772833085684404269e-34
6.260828121969739348e+07 4.812102313936902762e-34
6.405623298196054250e+07 4.851718560952994622e-34
6.553767175688394159e+07 4.891685036958531745e-34
6.705337200398078561e+07 4.932004982693538994e-34
6.860412609381362796e+07 4.972681669707145442e-34
7.019074472222612798e+07 5.013718400654511857e-34
7.181405733415476978e+07 5.055118509597633474e-34
7.347491255724211037e+07 5.096885362308137298e-34
7.517417864547835290e+07 5.139022356573600612e-34
7.691274393310295045e+07 5.181532922506860412e-34
7.869151729900383949e+07 5.224420522857816856e-34
8.051142864185675979e+07 5.267688653329051285e-34
8.237342936625333130e+07 5.311340842893594423e-34
8.427849288007169962e+07 5.355380654116839291e-34
8.622761510335019231e+07 5.399811683480580362e-34
8.822181498892959952e+07 5.444637561710846748e-34
9.026213505513650179e+07 5.489861954108896533e-34
9.234964193078605831e+07 5.535488560884942876e-34
9.448542691278909147e+07 5.581521117495802452e-34
9.667060653665514290e+07 5.627645736464275581e-34
9.890632316018959880e+07 5.673822398243861400e-34
1.011937455606904179e+08 1.821567985253950592e-34
1.035340695459543914e+08 1.830248246498518258e-34
1.059285185794182867e+08 1.838970544845485498e-34
1.083783444197535664e+08 1.847735084823608382e-34
