1.000000000000000056e-01 3.436128002000021190e-60
1.023668114574698557e-01 3.470721603189485335e-60
1.047896408796918227e-01 3.505663479310080472e-60
1.072698141062738836e-01 3.540957136658448887e-60
1.098086883569477784e-01 3.576606116831160891e-60
1.124076529742773639e-01 3.612613997080510592e-60
1.150681301839455162e-01 3.648984390672872956e-60
1.177915758730354590e-01 3.685720947251685419e-60
1.205794803867327597e-01 3.722827353203577770e-60
1.234333693438835755e-01 3.760307332028287583e-60
1.263548044718556806e-01 3.799563858970608128e-60
1.293453844611592018e-01 3.846848852173310614e-60
1.324067458402943265e-01 3.894722299910577911e-60
1.355405638713054473e-01 3.943191525409417334e-60
1.387485534665306997e-01 3.992263943033279432e-60
1.420324701270502255e-01 4.041947059416353649e-60
1.453941109033447254e-01 4.092248474611403282e-60
1.488353153786914906e-01 4.143175883253035002e-60
1.523579666758357598e-01 4.194737075734294321e-60
1.559639924874875183e-01 4.246939939398482839e-60
1.596553661312088424e-01 4.301841972637910607e-60
1.634341076292676886e-01 4.362006109150356703e-60
1.673022848140508223e-01 4.423011681341930842e-60
1.712620144596386229e-01 4.484870457253502129e-60
1.753154634401630219e-01 4.547594369509483415e-60
1.794648499155811761e-01 4.611195517620144286e-60
1.837124445455142197e-01 4.675686170315496243e-60
1.880605717318154235e-01 4.741078767911943350e-60
1.925116108905473022e-01 4.807385924712034433e-60
1.970679977540646111e-01 4.874620431437773345e-60
2.017322257039141919e-01 4.983151626519938461e-47
2.065068471352833612e-01 5.939455140657334516e-47
2.113944748537410212e-01 7.079890728524469422e-47
2.163977835050376053e-01 8.440053661582392183e-47
2.215195110387456479e-01 1.006245293636191523e-46
2.267624602065418105e-01 1.199786165304206176e-46
2.321295000959508192e-01 1.430693286857544857e-46
2.376235677003892266e-01 1.706213350646372499e-46
2.432476695263706690e-01 2.035005940874945457e-46
2.490048832387492250e-01 2.427420723725620042e-46
2.548983593449034024e-01 2.895829410210027888e-46
2.609313229187812389e-01 3.455023403641221862e-46
2.671070753657506236e-01 4.122690237490538135e-46
2.734289962292198450e-01 4.919984548806835079e-46
2.799005450400177675e-01 5.670955823809730115e-46
2.865252632095455776e-01 6.391602237936016328e-46
2.933067759677346342e-01 7.203886711220409936e-46
3.002487943468744591e-01 8.119470263982997193e-46
3.073551172123913933e-01 9.151498909537744304e-46
3.146296333416941371e-01 1.031479291487726700e-45
3.220763235522207668e-01 1.162606020296893971e-45
3.296992628798524061e-01 1.310413697888838983e-45
3.375026228088864322e-01 1.477025905590993123e-45
3.454906735547882968e-01 1.664836780195028766e-45
3.536677864009728500e-01 1.876545512788749409e-45
3.620384360908910359e-01 2.115195250452073745e-45
3.706072032767349644e-01 2.384216963250977703e-45
3.793787770260972914e-01 2.687478910881525932e-45
3.883579573879599733e-01 2.964288247673957099e-45
3.975496580194141094e-01 3.257022540888198571e-45
4.069589088745497740e-01 3.578806266421468816e-45
4.165908589569868870e-01 3.932538366382316358e-45
4.264507791375529711e-01 4.321408938650459948e-45
4.365440650386500088e-01 4.748928691273298804e-45
4.468762399868894675e-01 5.218961400677822740e-45
4.574529580356096470e-01 5.735759683210693852e-45
4.682800070589311914e-01 6.304004424784214118e-45
4.793633119190426339e-01 6.928848272591774967e-45
4.907089377084494775e-01 7.615963809411779310e-45
5.023230930689616125e-01 8.371597852613540815e-45
5.142121335892346767e-01 9.202622764919260443e-45
5.263825652827249790e-01 1.010095117140463561e-44
5.388410481479601888e-01 1.090980513281409782e-44
5.515943998130767856e-01 1.178373297642020836e-44
5.646495992666147323e-01 1.272800094957999235e-44
5.780137906766146250e-01 1.374830679584169845e-44
5.916942873001044267e-01 1.485081747781617814e-44
6.056985754851178516e-01 1.604221181920724701e-44
6.200343187674313139e-01 1.732972983603675046e-44
6.347093620642640932e-01 1.872116948603469566e-44
6.497317359672348802e-01 2.022479456997374746e-44
6.651096611369252676e-01 2.184985782952044871e-44
6.808515528014529306e-01 2.360624727141458574e-44
6.969660253615190815e-01 2.550467016732121033e-44
7.134618971044478508e-01 2.755672466319165463e-44
7.303481950297974201e-01 2.967171799961206319e-44
7.476341597891870139e-01 3.172271317178232528e-44
7.653292507430359271e-01 3.391668941856458236e-44
7.834431511369903678e-01 3.626384600352155489e-44
8.019857734008635219e-01 3.877444170869901980e-44
8.209672645729934048e-01 4.145927163335331914e-44
8.403980118529837950e-01 4.433153730311644233e-44
8.602886482858689288e-01 4.740453359763302908e-44
8.806500585808113568e-01 5.069253617275944093e-44
9.014933850675170834e-01 5.421088178795539225e-44
9.228300337936278241e-01 5.797605696163724221e-44
9.446716807664283788e-01 6.200579617456163093e-44
9.670302783422812798e-01 6.631919107838585868e-44
9.899180617672890259e-01 7.093681245655917733e-44
1.013347555872760486e+00 7.548447885524307247e-44
1.037331581929147983e+00 8.000636546078150189e-44
1.061883264662200066e+00 8.480253522329877706e-44
1.087016039435180215e+00 8.989012183270102265e-44
1.112743659601066915e+00 9.528741044424068369e-44
1.139080204028774634e+00 1.010139287182092695e-43
1.166040084807498323e+00 1.070905472478401524e-43
1.193638055133413145e+00 1.135395906458633611e-43
1.221889217383031356e+00 1.203849607642381873e-43
1.250809031377641434e+00 1.276522737612249638e-43
1.280413322843355406e+00 1.353501183436894245e-43
1.310718292071382018e+00 1.435123268986271725e-43
1.341740522783281042e+00 1.521747800102656875e-43
1.373496991206031526e+00 1.613691400437812137e-43
1.406005075361899115e+00 1.711292061397617491e-43
1.439282564578172607e+00 1.814910761221294579e-43
1.473347669221974465e+00 1.924933229377717398e-43
1.508219030665485461e+00 2.041771871931517865e-43
1.543915731487016663e+00 2.165867875474825016e-43
1.580457305913531174e+00 2.297693509423897941e-43
1.617863750510311727e+00 2.420809679680721228e-43
1.656155535123640776e+00 2.548259939026379648e-43
1.695353614082468763e+00 2.682590479732520038e-43
1.735479437665201630e+00 2.824191689739333084e-43
1.776554963837895462e+00 2.973478238772067737e-43
1.818602670270259569e+00 3.130890820786621319e-43
1.861645566636069393e+00 3.296898044762617735e-43
1.905707207204691001e+00 3.471998488517093068e-43
1.950811703730640945e+00 3.656722931814039745e-43
1.996983738648200113e+00 3.851583149894628382e-43
2.044248578578335085e+00 4.055665359911027827e-43
2.092632088155292447e+00 4.270819671848801282e-43
2.142160744180441778e+00 4.497671241018086996e-43
2.192861650111126437e+00 4.736882841490221366e-43
2.244762550892418940e+00 4.989157345032350958e-43
2.297891848139933746e+00 5.255240382323533368e-43
2.352278615681974827e+00 5.535923201388935269e-43
2.407952615469549862e+00 5.832045739522489211e-43
2.464944313862927672e+00 6.144499926430925542e-43
2.523284898303686408e+00 6.466343944433579295e-43
2.583006294381345214e+00 6.771073786616598626e-43
2.644141183303929665e+00 7.090669570561236009e-43
2.706723019782046880e+00 7.425899960576157100e-43
2.770786050336221606e+00 7.777577015209920057e-43
2.836365332037556364e+00 8.146558928303221514e-43
2.903496751691923450e+00 8.533752964574572390e-43
2.972217045478232400e+00 8.940118604953224979e-43
3.042563819051483875e+00 9.366670918148214231e-43
3.114575568121626059e+00 9.814484176323856851e-43
3.188291699519486322e+00 1.028267368670204417e-42
3.263752552761272963e+00 1.077004540988183787e-42
3.340999422123492657e+00 1.128120489158960637e-42
3.420074579240312218e+00 1.181736484724847180e-42
3.501021296235784952e+00 1.237980362553041019e-42
3.583883869403554190e+00 1.296986903096843804e-42
3.668707643447010724e+00 1.358898238738915260e-42
3.755539036293187749e+00 1.423864285847779408e-42
3.844425564493926917e+00 1.492043204295600539e-42
3.935415869228270136e+00 1.563601886311730652e-42
4.028559742920251097e+00 1.635393977567879041e-42
4.123908156486706389e+00 1.707214802886171300e-42
4.221513287229966771e+00 1.782293882057986948e-42
4.321428547390736341e+00 1.860786036730143555e-42
4.423708613376755139e+00 1.942853903387586209e-42
4.528409455683235940e+00 2.028668356511118896e-42
4.635588369521496332e+00 2.118408956343275836e-42
4.745304006172469613e+00 2.212264422786656636e-42
4.857616405082336719e+00 2.310433137058649241e-42
4.972587026717759429e+00 2.413123672832231943e-42
5.090278786198776828e+00 2.519834256387347618e-42
5.210756087727685504e+00 2.631025850525008404e-42
5.334084859832830539e+00 2.747267444658025528e-42
5.460332591446520389e+00 2.868797367058210861e-42
5.589568368836835610e+00 2.995865740583903464e-42
5.721862913413578333e+00 3.128735098559304507e-42
5.857288620428968251e+00 3.267681034622194251e-42
5.995919598594360522e+00 3.412992888510057788e-42
6.137831710634571003e+00 3.564974469874202373e-42
6.283102614802086094e+00 3.723944822337060652e-42
6.431811807373811973e+00 3.880098997719484366e-42
6.584040666153632593e+00 4.040663950065329470e-42
6.739872495004632924e+00 4.208049638284127022e-42
6.899392569435260469e+00 4.382555648922124413e-42
7.062688183264479669e+00 4.564495263392663411e-42
7.229848696391351304e+00 4.754196112270056718e-42
7.400965583695274574e+00 4.952000862276181752e-42
7.576132485093577174e+00 5.158267937663289922e-42
7.755445256783865204e+00 5.373372277787409846e-42
7.939002023699230470e+00 5.597706132765005236e-42
8.126903233204904708e+00 5.830022439405665371e-42
8.319251710065890038e+00 6.072172690133186064e-42
8.516152712715483020e+00 6.324625755092402510e-42
8.717713990855665784e+00 6.587833129240656421e-42
8.924045844420687601e+00 6.862266781528409534e-42
9.135261183936297158e+00 7.148420118379476201e-42
9.351475592307499696e+00 7.446808994236378138e-42
9.572807388068728329e+00 7.757972771552339539e-42
9.799377690131061414e+00 8.082475432734345865e-42
1.003131048406183190e+01 8.417270109292025289e-42
1.026873268993297472e+01 8.741746156545601203e-42
1.051177423177526293e+01 9.079034776846298780e-42
1.076056810867628677e+01 9.429656591048042523e-42
1.101525046756127502e+01 9.794154068088461374e-42
1.127596067769652066e+01 1.017309247369919405e-41
1.154284140695603966e+01 1.056706086173048920e-41
1.181603869989345412e+01 1.097667311006473653e-41
1.209570205766159390e+01 1.140256900318737146e-41
1.238198451982374948e+01 1.184541536358517626e-41
1.267504274810108456e+01 1.230384433985184407e-41
1.297503711210234734e+01 1.277513792532246156e-41
1.328213177708254022e+01 1.326479802257506884e-41
1.359649479377877768e+01 1.377355464554764228e-41
1.391829819037223004e+01 1.430216746228892321e-41
1.424771806662676887e+01 1.485142702758698157e-41
1.458493469025569667e+01 1.542215606804017825e-41
1.493013259556916950e+01 1.601521082185408965e-41
1.528350068445654486e+01 1.663148243574700222e-41
1.564523232975873412e+01 1.727189842145361009e-41
1.601552548108724494e+01 1.791581762216788318e-41
1.639458277314762924e+01 1.855654329605032436e-41
1.678261163662685007e+01 1.922070182174646248e-41
1.717982441170520858e+01 1.990917197894205329e-41
1.758643846425465540e+01 2.062286640159896122e-41
1.800267630478752423e+01 2.136273291839274135e-41
1.842876571022043208e+01 2.212975594765296712e-41
1.886493984852021200e+01 2.292495794907272819e-41
1.931143740629978822e+01 2.374940093455757437e-41
1.976850271943419557e+01 2.460418804068101881e-41
2.023638590676801030e+01 2.548760665252624981e-41
2.071534300698721509e+01 2.640148180262400906e-41
2.120563611873077647e+01 2.734881507731129155e-41
2.170753354401824353e+01 2.833085982116965538e-41
2.222130993507218477e+01 2.934891747698663835e-41
2.274724644461536727e+01 3.040433947703951349e-41
2.328563087972541013e+01 3.149852921050776321e-41
2.383675785933089486e+01 3.263294407014642853e-41
2.440092897543489414e+01 3.380909758148796107e-41
2.497845295815457334e+01 3.502856161796391612e-41
2.556964584466687640e+01 3.626259682052303448e-41
2.617483115215292244e+01 3.753106483919374921e-41
2.679434005483547310e+01 3.884478185848386319e-41
2.742851156520673328e+01 4.020539682562946042e-41
2.807769271954549595e+01 4.161462013487346655e-41
2.874223876782488674e+01 4.307422596908488076e-41
2.942251336811511564e+01 4.458605473255565871e-41
3.011888878558724159e+01 4.615201557858878184e-41
3.083174609622713191e+01 4.777408903565392584e-41
3.156147539537065683e+01 4.945432973601899317e-41
3.230847601117482526e+01 5.117044110321125562e-41
3.307315672314118871e+01 5.294468427528417572e-41
3.385593598581146324e+01 5.478132921482174094e-41
3.465724215775731665e+01 5.668260427256417301e-41
3.547751373599016489e+01 5.865081863746719100e-41
3.631719959591902835e+01 6.068836531619092144e-41
3.717675923698745066e+01 6.279772422411944484e-41
3.805666303412446183e+01 6.498146539214774688e-41
3.895739249514678448e+01 6.724225229363858487e-41
3.987944052425342534e+01 6.958023939672318659e-41
4.082331169175634500e+01 7.196684544656250744e-41
4.178952251019543240e+01 7.443655292316968141e-41
4.277860171698869607e+01 7.699230226896016458e-41
4.379109056377178888e+01 7.963713971446357799e-41
4.482754311258615587e+01 8.237422114817012270e-41
4.588852653907704848e+01 8.520681613024814154e-41
4.697462144286802754e+01 8.813831205556025964e-41
4.808642216528092916e+01 9.117221847161221466e-41
4.922453711457608705e+01 9.431217155729839282e-41
5.038958909889039006e+01 9.754142301801986391e-41
5.158221566705491767e+01 1.008115486470654122e-40
5.280306945747960157e+01 1.041921044887082706e-40
5.405281855529495516e+01 1.076868481070322164e-40
5.533214685794708032e+01 1.112996659277472819e-40
5.664175444944503113e+01 1.150345776926445800e-40
5.798235798346644998e+01 1.188957410692452382e-40
5.935469107553027612e+01 1.228874564211292880e-40
6.075950470445178553e+01 1.270141717445457664e-40
6.219756762329869559e+01 1.312804877771950976e-40
6.366966678007444358e+01 1.356646304536003996e-40
6.517660774835813697e+01 1.401528916513096248e-40
6.671921516813648623e+01 1.447907990714861911e-40
6.829833319706992256e+01 1.495833829548410808e-40
6.991482597243906127e+01 1.545358440538425095e-40
7.156957808402486876e+01 1.596535594619489556e-40
7.326349505818042473e+01 1.649420886438017680e-40
7.499750385336024294e+01 1.704071796733969674e-40
7.677255336737799496e+01 1.760547756874311238e-40
7.858961495666926567e+01 1.818910215613519810e-40
8.044968296784517747e+01 1.879506028294665002e-40
8.235377528182625895e+01 1.942385724680870747e-40
8.430293387085552581e+01 2.007390428627598481e-40
8.629822536869419025e+01 2.074592714584515713e-40
8.834074165431353265e+01 2.144067662415015951e-40
9.043160044940168518e+01 2.215892944823774895e-40
9.257194593001150906e+01 2.290148917867198128e-40
9.476294935268585107e+01 2.366918714657086918e-40
9.700580969540149567e+01 2.446288342370816903e-40
9.930175431368368777e+01 2.528346782686228611e-40
1.016520396122485437e+02 2.609779554548364109e-40
1.040579517325429606e+02 2.692349241293959844e-40
1.065208072565572621e+02 2.777545935273268917e-40
1.090419539272948697e+02 2.865453698878268395e-40
1.116227713862951134e+02 2.956159300274600374e-40
1.142646719286112500e+02 3.049752301011091988e-40
1.169691012756579909e+02 3.146325146482670749e-40
1.197375393663498073e+02 3.245973259340172644e-40
1.225715011669649641e+02 3.348795135943783466e-40
1.254725375001775234e+02 3.454892445959420785e-40
1.284422358937099204e+02 3.564370135201793385e-40
1.314822214490727390e+02 3.677336531829700476e-40
1.345941577308651631e+02 3.793903456004347502e-40
1.377797476771243623e+02 3.914186333123470894e-40
1.410407345312196412e+02 4.038304310749261489e-40
1.443789027958042368e+02 4.166380379350668551e-40
1.477960792093444695e+02 4.298541496985665492e-40
1.512941337457625082e+02 4.434918718052695471e-40
1.548749806377370248e+02 4.575647326244453025e-40
1.585405794242250863e+02 4.720868052735581992e-40
1.622929360227767859e+02 4.870803853630043982e-40
1.661341038272281310e+02 5.025529320779060084e-40
1.700661848313758640e+02 5.185198370055944504e-40
1.740913307792465901e+02 5.349969893243729719e-40
1.782117443425916008e+02 5.520007919870922035e-40
1.824296803262489846e+02 5.695481784342180389e-40
1.867474469020361312e+02 5.876566298538176637e-40
1.911674068718459978e+02 6.063441930064544879e-40
1.956919789606369307e+02 6.256294986336409747e-40
2.003236391400268133e+02 6.455317804689502382e-40
2.050649219832133952e+02 6.660708948717983762e-40
2.099184220519637449e+02 6.872673411042247579e-40
2.148867953164296125e+02 7.091422822720088300e-40
2.199727606085685068e+02 7.317175669519075151e-40
2.251791011099649040e+02 7.550157515276995670e-40
2.305086658748632260e+02 7.790601232583389895e-40
2.359643713892504593e+02 8.038747241023760714e-40
2.415492031668377706e+02 8.294843753236366490e-40
2.472662173828177004e+02 8.559147029038071426e-40
2.531185425462866192e+02 8.829888431023016541e-40
2.591093812122529130e+02 9.104912758712529425e-40
2.652420117341635546e+02 9.388524019136166070e-40
2.715197900579113366e+02 9.680990975886636366e-40
2.779461515583001301e+02 9.982590825471959172e-40
2.845246129189782778e+02 1.029360946257010363e-39
2.912587740568665140e+02 1.061434175364930572e-39
2.981523200921307648e+02 1.094509181921592048e-39
3.052090233647835475e+02 1.128617332496467054e-39
3.124327454990128672e+02 1.163790978211153136e-39
3.198274395163712143e+02 1.200063485719933905e-39
3.273971519989772787e+02 1.237469269167721459e-39
3.351460253039188046e+02 1.276043823156055887e-39
3.430782998300668396e+02 1.315620715365231132e-39
3.511983163385377225e+02 1.355092274103800784e-39
3.595105183280795700e+02 1.395756123467420873e-39
3.680194544666775300e+02 1.437648526876411763e-39
3.767297810807129963e+02 1.480806858326573884e-39
3.856462647030325570e+02 1.525269636633029950e-39
3.947737846813281521e+02 1.571076560737065382e-39
4.041173358482532763e+02 1.618244228851770656e-39
4.136820312547317826e+02 1.666823424105997182e-39
4.234731049679629109e+02 1.716870694150607312e-39
4.334959149356476473e+02 1.768430704604120451e-39
4.437559459180084787e+02 1.821549489199648563e-39
4.542588124891997268e+02 1.876274491969337361e-39
4.650102621097602764e+02 1.932654610738047829e-39
4.760161782717848382e+02 1.990740241967096495e-39
4.872825837185316686e+02 2.050583326990135152e-39
4.988156437402371353e+02 2.112237399684627578e-39
5.106216695479326972e+02 2.175757635624034315e-39
5.227071217271171690e+02 2.241200902756638436e-39
5.350786137731656709e+02 2.308625813658966100e-39
5.477429157104193109e+02 2.378092779412847073e-39
5.607069577969331249e+02 2.449664065157181912e-39
5.739778343169017489e+02 2.523403847366288076e-39
5.875628074628516515e+02 2.599378272909309292e-39
6.014693113097135893e+02 2.677655519946195679e-39
6.157049558829570515e+02 2.758305860717719079e-39
6.302775313230047232e+02 2.841401726288636313e-39
6.451950121482159375e+02 2.925759200641497270e-39
6.604655616187634450e+02 3.012569310472403593e-39
6.760975362037991090e+02 3.101966091946326396e-39
6.920994901543422202e+02 3.194026949174731465e-39
7.084801801844050715e+02 3.288831612405904522e-39
7.252485702629128355e+02 3.386462208224967562e-39
7.424138365190319746e+02 3.487003331880818828e-39
7.599853722636062230e+02 3.590542121805490919e-39
7.779727931294355585e+02 3.697168336392165376e-39
7.963859423332214647e+02 3.806974433100519989e-39
8.152348960620436173e+02 3.920055649960571819e-39
8.345299689873319267e+02 4.036510089547790714e-39
8.542817199093439058e+02 4.156438805504959543e-39
8.745009575352290767e+02 4.279945891687712538e-39
8.951987463938567089e+02 4.407138574014522621e-39
9.163864128906323003e+02 4.538127305102940873e-39
9.380755515056250715e+02 4.673025861776876017e-39
9.602780311383838807e+02 4.811951445532748406e-39
9.830060016029324288e+02 4.955024786054392853e-39
1.006271900276488168e+03 5.102409773392757297e-39
1.030088458905531070e+03 5.254309334326667006e-39
1.054468710572980854e+03 5.410750885548407595e-39
1.079425996830258327e+03 5.571870837620431914e-39
1.104973974998144058e+03 5.737809715905662274e-39
1.131126625640459451e+03 5.908712285225571270e-39
1.157898260214611582e+03 6.084727678310269077e-39
1.185303528903214101e+03 6.264558454690653541e-39
1.213357428631089078e+03 6.447000268255062131e-39
1.242075311271992859e+03 6.632937048259012690e-39
1.271472892049581787e+03 6.824257057282192056e-39
1.301566258137236218e+03 7.021116747195428207e-39
1.332371877461388976e+03 7.223677133995497601e-39
1.363906607713250423e+03 7.432103931446494136e-39
1.396187705573797757e+03 7.646567688648345583e-39
1.429232836157102838e+03 7.867243931648537870e-39
1.463060082677189257e+03 8.094313309215965672e-39
1.497687956343662790e+03 8.327961742899989591e-39
1.533135406491549702e+03 8.575838651906021769e-39
1.569421830950917411e+03 8.831700894915659327e-39
1.606567086661899111e+03 9.095265126616399329e-39
1.644591500540951301e+03 9.366765234673929520e-39
1.683515880604332096e+03 9.646442269802960155e-39
1.723361527354798682e+03 9.927456579216402781e-39
1.764150245437858075e+03 1.021148572117168073e-38
1.805904355573866269e+03 1.050366318779754953e-38
1.848646706772534117e+03 1.080422337185616303e-38
1.892400688836564314e+03 1.111340742654644224e-38
1.937190245161189068e+03 1.143146346099981808e-38
1.983039885836650910e+03 1.175864674144504903e-38
2.029974701060828238e+03 1.210003335468640120e-38
2.078020374869277930e+03 1.245421762313305768e-38
2.127203199190240412e+03 1.281882596704719768e-38
2.177550088232339021e+03 1.319416683357189669e-38
2.229088593212769410e+03 1.358135139680225832e-38
2.281846917434081206e+03 1.398060266581978824e-38
2.335853931717836986e+03 1.439166102720073760e-38
2.391139190203492944e+03 1.481487771271825199e-38
2.447732946521279246e+03 1.525061446243422989e-38
2.505666170347812567e+03 1.569915599251420969e-38
2.564970564353548525e+03 1.616012244149944216e-38
2.625678581551395837e+03 1.663470097623348239e-38
2.687823443055889584e+03 1.712329580266317835e-38
2.751439156262695178e+03 1.763389148568913801e-38
2.816560533458430200e+03 1.816170689046584002e-38
2.883223210870902221e+03 1.870545655168926990e-38
2.951463668170222718e+03 1.926562554421888464e-38
3.021319248431533197e+03 1.984017665677117213e-38
3.092828178570156524e+03 2.042596530162748547e-38
3.166029590260408895e+03 2.102915767573304303e-38
3.240963541349582556e+03 2.165027400862694123e-38
3.317671037778662594e+03 2.229516504613012120e-38
3.396194056021964570e+03 2.297797555430247254e-38
3.476575566057807009e+03 2.368195788455587970e-38
3.558859554882857992e+03 2.440777636824870524e-38
3.643091050583082961e+03 2.515611641684915512e-38
3.729316146974347248e+03 2.592768519776065793e-38
3.817582028826206624e+03 2.672321233201739183e-38
3.907936997682772471e+03 2.754345061456283846e-38
4.000430498294636891e+03 2.838965800987697715e-38
4.095113145676389649e+03 2.936998330959836313e-38
4.192036752804618118e+03 3.038505925243047411e-38
4.291254358971341389e+03 3.143614450452450434e-38
4.392820258808646940e+03 3.257367613522271573e-38
4.496790032000192696e+03 3.375871288772539112e-38
4.603220573695931307e+03 3.498841830238436219e-38
4.712170125646773158e+03 3.626452400952409474e-38
4.823698308076058311e+03 3.758883019818466991e-38
4.937866152305378819e+03 3.896320837232980135e-38
5.054736134152663908e+03 4.051643718350612653e-38
5.174372208120665164e+03 4.228878802205184468e-38
5.296839842394596417e+03 4.420214653260323733e-38
5.422206054668215984e+03 4.673767879429188594e-38
5.550539448817734410e+03 4.944578790053412825e-38
5.681910252443733043e+03 5.233126431659860445e-38
5.816390355301732598e+03 5.540649513903573330e-38
5.954053348642180936e+03 5.868476263707702658e-38
6.094974565481707032e+03 6.249930148688804875e-38
6.239231121827409879e+03 6.676131185399949412e-38
6.386901958876840581e+03 7.143094521983752879e-38
6.538067886216899751e+03 7.652879773274563050e-38
6.692811626045046978e+03 8.203279180791002860e-38
6.851217858437150426e+03 8.797662600316852847e-38
7.013373267686856707e+03 9.443078999173620764e-38
7.179366589741605821e+03 1.016119494930523485e-37
7.349288660761367282e+03 1.094150493941555483e-37
7.523232466826794735e+03 1.179321627851012305e-37
7.701293194823752856e+03 1.271726398216708651e-37
7.883568284532181679e+03 1.371997711486596292e-37
8.070157481947960150e+03 1.478686119075676895e-37
8.261162893866558079e+03 1.590413593185258412e-37
8.456689043758833577e+03 1.714413280593981971e-37
8.656842928969126660e+03 1.849626108448577201e-37
8.861734079267131165e+03 1.996201960781378015e-37
9.071474616785728358e+03 2.157336564046286011e-37
9.286179317377294865e+03 2.331761094676431233e-37
9.505965673422169857e+03 2.497624067521733830e-37
9.730953958123869597e+03 2.674471785178027963e-37
9.961267291325873884e+03 2.864434509072715000e-37
1.019703170688616410e+04 3.058636354258592191e-37
1.043837622164659297e+04 3.264411574856152853e-37
1.068543290603432615e+04 3.484533101316022526e-37
1.093833695633459138e+04 3.720016506896461724e-37
1.119722676867379232e+04 3.971949738105710125e-37
1.146224401475363629e+04 4.241498288838181395e-37
1.173353371937797056e+04 4.529910745096200382e-37
1.201124433981431139e+04 4.837216843975724451e-37
1.229552784703372708e+04 5.118872703759495573e-37
1.258653980887370744e+04 5.412753415452480706e-37
1.288443947516915250e+04 5.723983938407127920e-37
1.318938986489821400e+04 6.053606855040717281e-37
1.350155785539098179e+04 6.402728129655736140e-37
1.382111427364931478e+04 6.772520992270939679e-37
1.414823398982803883e+04 7.164230061782245846e-37
1.448309601292895059e+04 7.579175723262275038e-37
1.482588358875930135e+04 8.018758775125922336e-37
1.517678430020918859e+04 8.463391036166337370e-37
1.553599016990204473e+04 8.910983235089206210e-37
1.590369776527466456e+04 9.382595563766403026e-37
1.628010830614455153e+04 9.877465440818010867e-37
1.666542777482290330e+04 1.039860940082180905e-36
1.705986702883376347e+04 1.094086161198233730e-36
1.746364191630130881e+04 1.147182441691061543e-36
1.787697339406785977e+04 1.202867782509717752e-36
1.830008764860748124e+04 1.261268940019288976e-36
1.873321621980177224e+04 1.322518897600653296e-36
1.917659612764462508e+04 1.386757172445644092e-36
1.963047000194642533e+04 1.454130137504861554e-36
2.009508621510770172e+04 1.523085811931070393e-36
2.057069901803530229e+04 1.588314480660990204e-36
2.105756867927578423e+04 1.656187420584485505e-36
2.155596162744149478e+04 1.725944974859963923e-36
2.206615059700756683e+04 1.798674802924823552e-36
2.258841477756007953e+04 1.874505183473469485e-36
2.312303996657621246e+04 1.953570012562315683e-36
2.367031872582045617e+04 2.036009053725589077e-36
2.423055054144278620e+04 2.121968199441989216e-36
2.480404198786571214e+04 2.211599744478300416e-36
2.539110689555013232e+04 2.299866281091203961e-36
2.599206652273246436e+04 2.388968179081308991e-36
2.660724973122566007e+04 2.481571936370244281e-36
2.723699316638190794e+04 2.577817935750812828e-36
2.788164144131415014e+04 2.677496121259073255e-36
2.854154732547781532e+04 2.780415956182009296e-36
2.921707193771638413e+04 2.887533810445512791e-36
2.990858494387550309e+04 2.999035815330462426e-36
3.061646475909422952e+04 3.105421048476022852e-36
3.134109875488466787e+04 3.214388274415040857e-36
3.208288347111226176e+04 3.327514134375291706e-36
3.284222483299321902e+04 3.444979596538898381e-36
3.361953837322856270e+04 3.566974893366926777e-36
3.441524945939458121e+04 3.693700072778990256e-36
3.522979352671633387e+04 3.825365585769848998e-36
3.606361631634968217e+04 3.962192913021418619e-36
3.691717411930298113e+04 4.101076483862499096e-36
3.779093402613271610e+04 4.241911659588401232e-36
3.868537418254814838e+04 4.387985149626338042e-36
3.960098405106575228e+04 4.539512395733078690e-36
4.053826467885715101e+04 4.689473467684741768e-36
4.149772897193585231e+04 4.839284568592267748e-36
4.247990197583338886e+04 4.994421886346220408e-36
4.348532116291933926e+04 5.155104132458836619e-36
4.451453672652093519e+04 5.321560485943003341e-36
4.556811188200382458e+04 5.494031160779441093e-36
4.664662317497983167e+04 5.672768006730804713e-36
4.775066079680800613e+04 5.858035145550395990e-36
4.888082890756439156e+04 6.047919529524214534e-36
5.003774596665492572e+04 6.243607879043715062e-36
5.122204507125333475e+04 6.446263667384461577e-36
5.243437430275008956e+04 6.656166690586287973e-36
5.367539708140027506e+04 6.873609466395264541e-36
5.494579252936525882e+04 7.098897875536127056e-36
5.624625584234784765e+04 7.308081502653950225e-36
5.757749867002241808e+04 7.523337038253656867e-36
5.894024950546901528e+04 7.745996991858154448e-36
6.033525408382573369e+04 7.976368455172731442e-36
6.176327579037534451e+04 8.214773473185164433e-36
6.322509607829060405e+04 8.461549850277621853e-36
6.472151489626799594e+04 8.693586567592533238e-36
6.625335112628087518e+04 8.929433121285546405e-36
6.782144303169536579e+04 9.172231729877889865e-36
6.942664871599101753e+04 9.422206681588136112e-36
7.106984659233839193e+04 9.670541959517488558e-36
7.275193586429204152e+04 9.921068660168588403e-36
7.447383701785933226e+04 1.017880303253963305e-35
7.623649232521538215e+04 1.044397803418753314e-35
7.804086636034164985e+04 1.071683500001068169e-35
7.988794652686706104e+04 1.099762396898440902e-35
8.177874359840227407e+04 1.128660402433367271e-35
8.371429227166426426e+04 1.158322003476457389e-35
8.569565173268974468e+04 1.187767083729153148e-35
8.772390623645244341e+04 1.218034560772442277e-35
8.980016570019703067e+04 1.249149667194581681e-35
9.192556631081613887e+04 1.281138477873934609e-35
9.410127114660451480e+04 1.314027940043322079e-35
9.632847081372725370e+04 1.347845904479659022e-35
9.860838409775197215e+04 1.382621157862847214e-35
1.009422586306033772e+05 1.417263293412741361e-35
1.033313715733014833e+05 1.451165453468353345e-35
1.057770303148590465e+05 1.485994259039709303e-35
1.082805731877224171e+05 1.521778631630909147e-35
1.108433702001436031e+05 1.558630517299613986e-35
1.134668237858862412e+05 1.596759696643944477e-35
1.161523695716778748e+05 1.635984779751087637e-35
1.189014771628229792e+05 1.676342229896937434e-35
1.217156509474134800e+05 1.717869859910288395e-35
1.245964309195710521e+05 1.760606885454943738e-35
1.275453935221738648e+05 1.804593980490237935e-35
1.305641525095315883e+05 1.849873335000043467e-35
1.336543598304757616e+05 1.896488715085323451e-35
1.368177065323513525e+05 1.944485525517823220e-35
1.400559236864064296e+05 1.993910874858222968e-35
1.433707833350817091e+05 2.044813643244862911e-35
1.467640994617205870e+05 2.092992890853466622e-35
1.502377289832329261e+05 2.137069672105539440e-35
1.537935727662508143e+05 2.182116444991025321e-35
1.574335766673345352e+05 2.228155246517396897e-35
1.611597325978018052e+05 2.275208627333351847e-35
1.649740796137542347e+05 2.323299663967580243e-35
1.688787050319078844e+05 2.372451971364785560e-35
1.728757455718300189e+05 2.420066988899305555e-35
1.769673885252104083e+05 2.467639748554958251e-35
1.811558729528101394e+05 2.516207342392870121e-35
1.854434909097370110e+05 2.565791718205955216e-35
1.898325886997205962e+05 2.616415330629131080e-35
1.943255681590770546e+05 2.668400493486532798e-35
1.989248879710597394e+05 2.721670559600065248e-35
2.036330650113176962e+05 2.776086566966017178e-35
2.084526757252028619e+05 2.831674711842870514e-35
2.133863575376693043e+05 2.888461819921056834e-35
2.184368102965482685e+05 2.946475362055930243e-35
2.236067977499789558e+05 3.005743470405874724e-35
2.288991490588067390e+05 3.066294954986013570e-35
2.343167603447813890e+05 3.128159320648898854e-35
2.398625962753941712e+05 3.191366784503225880e-35
2.455396916862246580e+05 3.255948293781803566e-35
2.513511532416901900e+05 3.321935544171307472e-35
2.573001611350974708e+05 3.379365016823844784e-35
2.633899708289311384e+05 3.435658128967432957e-35
2.696239148363365675e+05 3.492907591824211722e-35
2.760054045447621029e+05 3.551129801704762501e-35
2.825379320827633492e+05 3.610341437237685622e-35
2.892250722309969715e+05 3.670559464241091395e-35
2.960704843784354744e+05 3.731801140677956131e-35
3.030779145248905406e+05 3.791261033345126911e-35
3.102511973309267196e+05 3.847983972550963049e-35
3.175942582162922481e+05 3.905571783496249254e-35
3.251111155080216122e+05 3.964037809218569923e-35
3.328058826393739437e+05 4.023528471795131703e-35
3.406827704008160508e+05 4.094308399345137992e-35
3.487460892442880431e+05 4.166436211870547779e-35
3.570002516420003376e+05 4.239939412503049073e-35
3.654497745010591461e+05 4.314846097668313258e-35
3.740992816352484515e+05 4.391184970425656854e-35
3.829535062953036395e+05 4.468985354116739020e-35
3.920172937590831425e+05 4.548277206329571528e-35
4.012956039830368827e+05 4.629091133186692860e-35
4.107935143164299079e+05 4.711458403964035474e-35
4.205162222798139555e+05 4.795410966048738113e-35
4.304690484092525439e+05 4.880981460243929488e-35
4.406574391678638640e+05 4.965459544242672611e-35
4.510869699262817740e+05 5.040378430461735992e-35
4.617633480136512080e+05 5.116451710580407144e-35
4.726924158408343210e+05 5.193697388689076569e-35
4.838801540975458920e+05 5.272133751952759911e-35
4.953326850251500146e+05 5.351779375090148051e-35
5.070562757669179118e+05 5.431107021774205828e-35
5.190573417975899647e+05 5.510588432112928473e-35
5.313424504340933636e+05 5.591261649944108276e-35
5.439183244293681346e+05 5.673144845526497520e-35
5.567918456512412522e+05 5.756256469732827007e-35
5.699700588483721949e+05 5.840615258431442441e-35
5.834601755053427769e+05 5.923451266665960765e-35
5.972695777889776509e+05 6.003041602187727581e-35
6.114058225880685495e+05 6.083718157507398097e-35
6.258766456487203250e+05 6.165495854573312431e-35
6.406899658075630432e+05 6.248389820883430748e-35
6.558538893251556437e+05 6.332415392319986257e-35
6.713767143219659338e+05 6.417588116023233277e-35
6.872669353193223942e+05 6.503923753304849506e-35
7.035332478878614493e+05 6.591438282601562329e-35
7.201845534059820930e+05 6.680147902469363734e-35
7.372299639309224440e+05 6.770069034619381870e-35
7.546788071851398563e+05 6.861218326995279878e-35
7.725406316606955370e+05 6.965285609116897993e-35
7.908252118444502121e+05 7.079742597868187943e-35
8.095425535669443198e+05 7.196216644489559619e-35
8.287028994778619381e+05 7.314745255332276066e-35
8.483167346510881325e+05 7.435366664695284847e-35
8.683947923224435654e+05 7.558119849431326594e-35
8.889480597632038407e+05 7.683044543853470862e-35
9.099877842926346930e+05 7.810181254948007488e-35
9.315254794328500284e+05 7.939571277901079898e-35
9.535729312093169428e+05 8.071256711944110818e-35
9.761422046005094890e+05 8.205280476526295277e-35
9.992456501401944552e+05 8.341686327819769422e-35
1.022895910675980966e+06 8.443379912343137875e-35
1.047105928287849878e+06 8.536514015919912189e-35
1.071888951370414114e+06 8.630708685763050609e-35
1.097258541882801801e+06 8.725976250550168042e-35
1.123228582770149689e+06 8.822329184475065159e-35
1.149813285560731310e+06 8.919780108986416359e-35
1.177027198142892448e+06 9.018341794546999545e-35
1.204885212726074038e+06 9.118027162414156188e-35
1.233402573990236269e+06 9.218849286442181979e-35
1.262594887428164249e+06 9.320821394906006570e-35
1.292478127885244321e+06 9.423956872346900112e-35
1.323068648301323177e+06 9.528269261440895085e-35
1.354383188659509411e+06 9.640595599746005045e-35
1.386438885146750137e+06 9.754606763726156730e-35
1.419253279531219508e+06 9.869985896542053695e-35
1.452844328761680052e+06 9.986749525174949694e-35
1.487230414794014301e+06 1.010491437704386572e-34
1.522430354650334455e+06 1.022449738244253775e-34
1.558463410716196289e+06 1.034551567700660736e-34
1.595349301281504799e+06 1.046798660421058055e-34
1.633108211330899503e+06 1.059192771789530518e-34
1.671760803589562187e+06 1.071735678482615539e-34
1.711328229830408935e+06 1.084309109287806952e-34
1.751832142448949628e+06 1.096794781628132830e-34
1.793294706312073395e+06 1.109852801067478530e-34
1.835738610887266463e+06 1.123067916453473488e-34
1.879187082658942789e+06 1.136442027283950122e-34
1.923663897838610690e+06 1.149977056084655526e-34
1.969193395375864580e+06 1.163674948688854300e-34
2.015800490277358796e+06 1.177537674520364288e-34
2.063510687240979401e+06 1.191567226879971108e-34
2.112350094612712041e+06 1.205765623235385922e-34
2.162345438673879486e+06 1.220134905514688486e-34
2.213524078266492579e+06 1.234677140403388054e-34
2.265914019764756318e+06 1.249394419645004640e-34
2.319543932400966994e+06 1.264055093223406859e-34
2.374443163954078220e+06 1.278408346496052161e-34
2.430641756809651386e+06 1.292927815610029343e-34
2.488170464399871882e+06 1.307615432950163358e-34
2.547060768032666761e+06 1.322473153391497082e-34
2.607344894119181670e+06 1.337502954561270357e-34
2.669055831808953080e+06 1.352706837103878222e-34
2.732227351042472757e+06 1.368086824948897886e-34
2.796894021031069104e+06 1.383644965582253975e-34
2.863091229174125474e+06 1.399383330320632988e-34
2.930855200424030889e+06 1.415304014588900027e-34
3.000223017109515611e+06 1.431406746066359918e-34
3.071232639228115324e+06 1.446492276449078387e-34
3.143922925218917895e+06 1.461318995732796495e-34
3.218333653227024712e+06 1.476299341635220481e-34
3.294505542871207464e+06 1.491434917442760848e-34
3.372480277526860125e+06 1.506727343263180279e-34
3.452300527136281598e+06 1.522178256202797721e-34
3.534009971558832563e+06 1.537789310545684855e-34
3.617653324473811314e+06 1.553562177934639643e-34
3.703276357849001419e+06 1.569498547554075482e-34
3.790925926988340914e+06 1.585600126314959640e-34
3.880649996172493324e+06 1.601868639041593530e-34
3.972497664906212594e+06 1.618305828660364856e-34
4.066519194786931854e+06 1.634274344465765966e-34
4.162766037009365391e+06 1.650134656654580180e-34
4.261290860520963557e+06 1.666153473596500762e-34
4.362147580843886361e+06 1.682332409534676497e-34
4.465391389579049312e+06 1.698673095389737915e-34
4.571078784608474933e+06 1.715177178934142799e-34
4.679267601012558676e+06 1.731846324968341532e-34
4.790017042719004676e+06 1.748682215498826629e-34
4.903387714900833555e+06 1.765686549917902037e-34
5.019441657141271047e+06 1.782861045185638973e-34
5.138242377383512445e+06 1.800207436013469194e-34
5.259854886683993042e+06 1.817727475049860258e-34
5.384345734788313508e+06 1.835422933067940609e-34
5.511783046549079940e+06 1.853295599155123682e-34
5.642236559205680154e+06 1.871347280904570652e-34
5.775777660546520725e+06 1.889579804608977426e-34
5.912479427974315360e+06 1.907995015456113038e-34
6.052416668496155180e+06 1.926594777726558691e-34
6.195665959659945220e+06 1.945380974993594214e-34
6.342305691459731199e+06 1.964355510325040970e-34
6.492416109232958406e+06 1.983520306487340488e-34
6.646079357572911307e+06 2.002877306151784560e-34
6.803379525280480273e+06 2.022428472102943848e-34
6.964402691379971802e+06 2.042175787449119239e-34
7.129236972223901190e+06 2.061651243601932731e-34
7.297972569712667726e+06 2.081184448902025925e-34
7.470701820655643940e+06 2.100906844377920063e-34
7.647519247300324962e+06 2.120820287979319504e-34
7.828521609057635069e+06 2.140926656096092263e-34
8.013807955451325513e+06 2.161227843742791271e-34
8.203479680320572108e+06 2.181725764745239866e-34
8.397640577305603772e+06 2.202422351928796209e-34
8.596396896646421403e+06 2.223319557308792683e-34
8.799857403325825930e+06 2.244419352282525932e-34
9.008133436588743702e+06 2.265723727823560869e-34
9.221338970870111138e+06 2.287234694677705903e-34
9.439590678164789453e+06 2.308954283561181988e-34
9.663007991873843595e+06 2.330884545360597158e-34
9.891713172161754221e+06 2.353027551335109327e-34
1.012583137286054529e+07 2.375124537713506584e-34
1.036549070995745808e+07 2.397203655513850830e-34
1.061082233170371689e+07 2.419491701284018566e-34
1.086196049038226530e+07 2.441990673525657696e-34
1.111904261577445082e+07 2.464702590014423788e-34
1.138220939036557078e+07 2.487629487987173663e-34
1.165160482632996701e+07 2.510773424331001705e-34
1.192737634433862194e+07 2.534136475773915757e-34
1.220967485423199274e+07 2.557555419964795563e-34
1.249865483760178834e+07 2.581026847228495054e-34
1.279447443232772127e+07 2.604718357371887668e-34
1.309729551911512204e+07 2.628632043263132511e-34
1.340728381008024141e+07 2.652770017890894713e-34
1.372460893943268247e+07 2.677134414559486333e-34
1.404944455630412512e+07 2.701727387085898727e-34
1.438196841977362521e+07 2.726551109998915814e-34
1.472236249614248239e+07 2.751607778740099151e-34
1.507081305851144716e+07 2.776899609866588326e-34
1.542751078871417791e+07 2.802428841256199953e-34
1.579265088166388310e+07 2.828197732314191888e-34
1.616643315216927417e+07 2.854208564182343134e-34
1.654906214427904226e+07 2.880463639949787515e-34
1.694074724321366474e+07 2.906965284866233581e-34
1.734170278994700685e+07 2.933715846557032793e-34
1.775214819849986583e+07 2.960717695240292690e-34
1.817230807600901276e+07 2.987973223946475943e-34
1.860241234563865885e+07 3.015484848739783101e-34
1.904269637240104750e+07 3.043255008941762504e-34
1.949340109195425734e+07 3.071286167357347917e-34
1.995477314244912937e+07 3.099580810502797894e-34
2.042706499949675798e+07 3.128141448836014537e-34
2.091053511432968825e+07 3.156970616989199760e-34
2.140544805523383990e+07 3.186070874003605701e-34
2.191207465232790262e+07 3.215444803566739817e-34
2.243069214576857537e+07 3.245095014251636339e-34
2.296158433746435121e+07 3.275024139758932206e-34
2.350504174638009071e+07 3.305234839160876798e-34
2.406136176751651987e+07 3.335729797147819001e-34
2.463084883465330303e+07 3.366511724277368323e-34
2.521381458694398776e+07 3.397583357225646749e-34
2.581057803945301846e+07 3.428947459041165894e-34
2.642146575772991776e+07 3.460606819401296096e-34
2.704681203651537746e+07 3.492564254871023826e-34
2.768695908267599344e+07 3.524822609164433603e-34
2.834225720246979594e+07 3.557384753408461118e-34
2.901306499324334413e+07 3.590253586409740786e-34
2.969974953966664150e+07 3.623432034923588930e-34
3.040268661461136118e+07 3.655929341493426471e-34
3.112226088478454947e+07 3.687965936604175052e-34
3.185886612122933194e+07 3.720286768199120653e-34
3.261290541480661184e+07 3.752894377029519228e-34
3.338479139677796513e+07 3.785791326687700181e-34
3.417494646460936219e+07 3.818980203813421768e-34
3.498380301311796904e+07 3.852463618302005909e-34
3.581180367109102756e+07 3.886244203514547074e-34
3.665940154350507259e+07 3.918884521554322881e-34
3.752706045947667956e+07 3.948268121218941753e-34
3.841525522608309984e+07 3.977896221126819909e-34
3.932447188819037378e+07 4.007770979797631172e-34
4.025520799442962557e+07 4.037894575390116482e-34
4.120797286946999282e+07 4.068269205883498335e-34
4.218328789273573458e+07 4.098897089260377436e-34
4.318168678371854872e+07 4.129780463691426295e-34
4.420371589404422045e+07 4.160921587721785702e-34
4.524993450645194203e+07 4.192322740459226507e-34
4.632091514084831625e+07 4.223986221763889398e-34
4.741724386760666966e+07 4.255914352440074804e-34
4.853952062828166783e+07 4.288109474429632172e-34
4.968835956391284615e+07 4.320573951007132516e-34
5.086438935110020638e+07 4.353310166976924304e-34
5.206825354603419453e+07 4.386320528871995705e-34
5.330061093666625023e+07 4.419607465154710766e-34
5.456213590321677178e+07 4.453173426419345104e-34
5.585351878721421957e+07 4.487020885596510074e-34
5.717546626927015930e+07 4.521152338159676654e-34
5.852870175579313189e+07 4.555570302333317532e-34
5.991396577485743165e+07 4.590277319303166877e-34
6.133201638144140691e+07 4.625275953428389105e-34
6.278362957225473225e+07 4.660568792455750726e-34
6.426959971038610488e+07 4.696158447735671243e-34
6.579073996000161767e+07 4.732047554440497801e-34
6.734788273132921755e+07 4.768238771784638361e-34
6.894188013617749512e+07 4.804734783246628679e-34
7.057360445423576236e+07 4.841538296793690727e-34
7.224394861040817201e+07 4.878652045107929839e-34
7.395382666344773769e+07 4.916078785814875337e-34
7.570417430615571141e+07 4.953821301714007984e-34
7.749594937741684914e+07 4.991882401011635197e-34
7.933013238635636866e+07 5.030264917555718009e-34
8.120772704890276492e+07 5.068971711072996197e-34
8.312976083704714477e+07 5.108005667408338844e-34
8.509728554110541940e+07 5.147369698766080031e-34
8.711137784528826177e+07 5.187066743954114522e-34
8.917313991689050198e+07 5.227099768629651855e-34
9.128370000942884386e+07 5.267471765547740691e-34
9.344421308005453646e+07 5.308185754811813354e-34
9.565586142157593369e+07 5.349244784126691875e-34
9.791985530944339931e+07 5.390651929053913571e-34
1.002374336640449315e+08 1.681635509810294111e-34
1.026098647286794186e+08 1.688688905269165019e-34
1.050384467635722607e+08 1.695772105548047018e-34
1.075245087563205659e+08 1.702885237084863161e-34
