6.309573444801933384e+00 4.230082052080006060e-65
6.462193697989974339e+00 1.001208840102588737e-63
6.618505633648622322e+00 2.369739237106844148e-62
6.778598548703934412e+00 5.608883808205766407e-61
6.942563900056740955e+00 1.327554402667571225e-59
7.110495356829581226e+00 3.142159389116991789e-58
7.282488853877429058e+00 7.437108119092771451e-57
7.458642646592770653e+00 1.760272803685460460e-55
7.639057367036340196e+00 4.166351078640184745e-54
7.823836081425590727e+00 9.861244958249084287e-53
8.013084349013732677e+00 9.147613676228182479e-52
8.206910282392970046e+00 1.675704365987723571e-51
8.405424609256423096e+00 3.069636761647994344e-51
8.608740735653928056e+00 5.623109923036119776e-51
8.816974810777995941e+00 1.030068625760536274e-50
9.030245793316778347e+00 1.886929809836067139e-50
9.248675519412076440e+00 3.456569803414000998e-50
9.472388772261139067e+00 6.331912688851602006e-50
9.701513353402049233e+00 1.159910563924997098e-49
9.936180155723402407e+00 2.124780587504933000e-49
1.017652323823998550e+01 3.244959739665546213e-49
1.042267990267721878e+01 4.636619045865127888e-49
1.067479077190800929e+01 6.625116457899330852e-49
1.093299987028693998e+01 9.466416724460251525e-49
1.119745470592763503e+01 1.352625967718535231e-48
1.146830635497028616e+01 1.932723924797266239e-48
1.174570954788748267e+01 2.761607316902399222e-48
1.202982275787770661e+01 3.945972249279653542e-48
1.232080829139695055e+01 5.638273369564529578e-48
1.261883238088012860e+01 7.973884987436553154e-48
1.292406527970532260e+01 1.026015878025042443e-47
1.323668135945512248e+01 1.320195342192857190e-47
1.355685920953051138e+01 1.698721997268301598e-47
1.388478173917437530e+01 2.185779885581254391e-47
1.422063628196272411e+01 3.749799792690742971e-47
1.456461470282352622e+01 4.893685356078942476e-47
1.491691350764407176e+01 6.390297359010208245e-47
1.527773395552971181e+01 8.349681572913074484e-47
1.564728217377787090e+01 1.091664496411608861e-46
1.602576927563324816e+01 1.402452959368445794e-46
1.641341148089123436e+01 1.768116425620007080e-46
1.681043023941869308e+01 2.235366040780863131e-46
1.721705235766246744e+01 2.834286026241482917e-46
1.763351012821794228e+01 3.604390963861289534e-46
1.806004146253177112e+01 4.597718661899351875e-46
1.849689002681449068e+01 5.882971303108471083e-46
1.894430538124062835e+01 7.551068214240163800e-46
1.940254312251591173e+01 9.722601374980491028e-46
1.987186502989299441e+01 1.255785791372815486e-45
2.035253921471913330e+01 1.503536113922650877e-45
2.084484027360117508e+01 1.771853815883886120e-45
2.134904944527541204e+01 2.088097542805985768e-45
2.186545477127192783e+01 2.460835294155576722e-45
2.239435126046524971e+01 2.900168182110266003e-45
2.293604105760515566e+01 3.418005005159004090e-45
2.349083361592411734e+01 4.028386041726152069e-45
2.405904587391980343e+01 4.747864895430526731e-45
2.464100243641379251e+01 5.595958809888523049e-45
2.523703575998985826e+01 6.581538524061415229e-45
2.584748634291769420e+01 7.674449615998771001e-45
2.647270291967067735e+01 8.951519894826296984e-45
2.711304266014876418e+01 1.044420142700056792e-44
2.776887137372036918e+01 1.218938322872854224e-44
2.844056371819968021e+01 1.407907706668121671e-44
2.912850341387883191e+01 1.598166383903928562e-44
2.983308346273733491e+01 1.814182222425658401e-44
3.055470637295386283e+01 2.059448707504545715e-44
3.129378438884862845e+01 2.337934065671879141e-44
3.205073972638778201e+01 2.643975884864596035e-44
3.282600481438436191e+01 2.981209566565888406e-44
3.362002254153365044e+01 3.361501037447526085e-44
3.443324650942386711e+01 3.790353831211371343e-44
3.526614129166687661e+01 4.273975758848548762e-44
3.611918269929697800e+01 4.819369156889014107e-44
3.699285805258939774e+01 5.434432720081292924e-44
3.788766645945351996e+01 6.128076408948263722e-44
3.880411910056029967e+01 6.910351115075528986e-44
3.974273952136631749e+01 7.792594984370526284e-44
4.070406393120170208e+01 8.617589107852826853e-44
4.168864150959252868e+01 9.515658010093521384e-44
4.269703471999271471e+01 1.050738354687149409e-43
4.372981963110463965e+01 1.160254263226405951e-43
4.478758624597222138e+01 1.281193441441136630e-43
4.587093883903423830e+01 1.414748744484356780e-43
4.698049630133055388e+01 1.562237813792544250e-43
4.811689249405829116e+01 1.725116172050000957e-43
4.928077661068028448e+01 1.904991700149415987e-43
5.047281354779233453e+01 2.100936953546634384e-43
5.169368428496128587e+01 2.309947670401405032e-43
5.294408627375074872e+01 2.539802237910584037e-43
5.422473383615707121e+01 2.792586050189676541e-43
5.553635857268284326e+01 3.070594161095001403e-43
5.687970978028113933e+01 3.355522031089878724e-43
5.825555488040920693e+01 3.642318674134491375e-43
5.966467985743637570e+01 3.953849378816972050e-43
6.110788970765646866e+01 4.292273393375067777e-43
6.258600889916107235e+01 4.659942096233350284e-43
6.409988184283653823e+01 5.050934558275217403e-43
6.565037337475411050e+01 5.470229756407694638e-43
6.723836925022787625e+01 5.924548694313798785e-43
6.886477664982398039e+01 6.416853407978601325e-43
7.053052469760882559e+01 6.950363234180105771e-43
7.223656499193373293e+01 7.528578480652210350e-43
7.398387214905794451e+01 8.155306529698458016e-43
7.577344435992162630e+01 8.834690672880941456e-43
7.760630396038612844e+01 9.571242018724003495e-43
7.948349801526794067e+01 1.036724748340117588e-42
8.140609891649923213e+01 1.112673864497773736e-42
8.337520499575761335e+01 1.194236319168587410e-42
8.539194115191419598e+01 1.281833301066582876e-42
8.745745949365883121e+01 1.375918466361575036e-42
8.957293999767001935e+01 1.476980563735274880e-42
9.173959118270438751e+01 1.585546288992459631e-42
9.395865079999227021e+01 1.702183391675292391e-42
9.623138654033225237e+01 1.827504058626909499e-42
9.855909675829025218e+01 1.962168602262960319e-42
1.009431112139151452e+02 2.104376030574192417e-42
1.033847918323962887e+02 2.252866688958702338e-42
1.058855334820956102e+02 2.411988222399654727e-42
1.084467647713996854e+02 2.582524856186215582e-42
1.110699488648458555e+02 2.765322114250385514e-42
1.137565843189907753e+02 2.952510710749747137e-42
1.165082059384956636e+02 3.145676058009860434e-42
1.193263856529209761e+02 3.351676049569855083e-42
1.222127334147282198e+02 3.571383784843641154e-42
1.251688981190038419e+02 3.805733942263312368e-42
1.281965685454299546e+02 4.055727361141063336e-42
1.312974743230401486e+02 4.322435990275442166e-42
1.344733869183109221e+02 4.607008235351266381e-42
1.377261206471549428e+02 4.910674740247520385e-42
1.410575337113919829e+02 5.234754640748530273e-42
1.444695292602905852e+02 5.580662332889372746e-42
1.479640564777885174e+02 5.949914802290313110e-42
1.515431116960099018e+02 6.344139565392379492e-42
1.552087395357179105e+02 6.765083278549081606e-42
1.589630340743531463e+02 7.207877595639128889e-42
1.628081400423255047e+02 7.630035334755958374e-42
1.667462540482420366e+02 8.077366263598223782e-42
1.707796258337732240e+02 8.551413197461910025e-42
1.749105595588702897e+02 9.053817408733309779e-42
1.791414151180727572e+02 9.586325269603065374e-42
1.834746094886538970e+02 1.015079537506098086e-41
1.879126181113769007e+02 1.074920618362636379e-41
1.924579763046494918e+02 1.138366421640645849e-41
1.971132807128853983e+02 1.205641285849321941e-41
2.018811907898985396e+02 1.276984181043199929e-41
2.067644303181810699e+02 1.352649724154994147e-41
2.117657889649274807e+02 1.432909270135364972e-41
2.168881238756999892e+02 1.518052085002447975e-41
2.221343613066404998e+02 1.608386607429477935e-41
2.275074982961644139e+02 1.700733892954371707e-41
2.330106043770903170e+02 1.796710046534985781e-41
2.386468233301840485e+02 1.898221319598948818e-41
2.444193749801187607e+02 2.005595391916408703e-41
2.503315570348755728e+02 2.119179952437767313e-41
2.563867469696398302e+02 2.235031940538207024e-41
2.625884039562624253e+02 2.356597670012024078e-41
2.689400708393960713e+02 2.484923277504976741e-41
2.754453761604289639e+02 2.620396271175771722e-41
2.821080362303759443e+02 2.763427277488762739e-41
2.889318572529097651e+02 2.914451489412748362e-41
2.959207374987464050e+02 3.073930210429972698e-41
3.030786695326237918e+02 3.242352501053240403e-41
3.104097424941522263e+02 3.420236935042053985e-41
3.179181444338302640e+02 3.606068827872263656e-41
3.256081647055708572e+02 3.794644644214099218e-41
3.334841964170960296e+02 3.993281143637860220e-41
3.415507389396047984e+02 4.202527517479663511e-41
3.498124004781465715e+02 4.422963718565237020e-41
3.582739007041683976e+02 4.655202233460777969e-41
3.669400734517388400e+02 4.899889959910879986e-41
3.758158694789931360e+02 5.157710195899199375e-41
3.849063592963710221e+02 5.429384747170053340e-41
3.942167360632655573e+02 5.715676160483388752e-41
4.037523185547420326e+02 6.010152896307656592e-41
4.135185542000134546e+02 6.314828283877746993e-41
4.235210221944151385e+02 6.635295613176903532e-41
4.337654366866531177e+02 6.972396913825851866e-41
4.442576500431486579e+02 7.327020683477489957e-41
4.550036561913403830e+02 7.688525646993035494e-41
4.660095940438617390e+02 8.064612156363175084e-41
4.772817510055376715e+02 8.459424833867913843e-41
4.888265665652181724e+02 8.873914951047892390e-41
5.006506359744879546e+02 9.309083182351086461e-41
5.127607140153622822e+02 9.765982232378481616e-41
5.251637188591170116e+02 1.024571960633412874e-40
5.378667360184600739e+02 1.074946053168179572e-40
5.508770223952974447e+02 1.127843103946565627e-40
5.642020104264157681e+02 1.183392121424158360e-40
5.778493123294342695e+02 1.241728862207194948e-40
5.918267244514705681e+02 1.302996192658810357e-40
6.061422317229873897e+02 1.367344470369129774e-40
6.208040122193755224e+02 1.434931946607895986e-40
6.358204418328747352e+02 1.503704113327409129e-40
6.512000990575020296e+02 1.570916121244833473e-40
6.669517698897213904e+02 1.641175802145872458e-40
6.830844528476554842e+02 1.714623701072621395e-40
6.996073641116981889e+02 1.791406970415866007e-40
7.165299427894864266e+02 1.871679687216009149e-40
7.338618563082102355e+02 1.955603186049533292e-40
7.516130059373623453e+02 2.043346408284288783e-40
7.697935324450753569e+02 2.135086268527276653e-40
7.884138218912775073e+02 2.231008039130970323e-40
8.074845115609773529e+02 2.331305753668612763e-40
8.270164960410686490e+02 2.436182630336325712e-40
8.470209334441165083e+02 2.545851516288782666e-40
8.675092517827056326e+02 2.660535353967594307e-40
8.884931554979590373e+02 2.780467670536127807e-40
9.099846321459807541e+02 2.902469005702933841e-40
9.319959592460339763e+02 3.029355129286023580e-40
9.545397112943667253e+02 3.161853164422256866e-40
9.776287669476934070e+02 3.300214425115958559e-40
1.001276316380437152e+03 3.444783135041832268e-40
1.025495868819923317e+03 3.597269933732043060e-40
1.050301260263860968e+03 3.756586838116918475e-40
1.075706661384478139e+03 3.923043539692426484e-40
1.101726585623859592e+03 4.096963948477960702e-40
1.128375897485096857e+03 4.278686854083006157e-40
1.155669821023990380e+03 4.468566617895561186e-40
1.183623948546155134e+03 4.666973897875177046e-40
1.212254249514497815e+03 4.872817927863384677e-40
1.241577079672155605e+03 5.085763756713666408e-40
1.271609190386096316e+03 5.305565307790475764e-40
1.302367738216750240e+03 5.531260065244549447e-40
1.333870294719096137e+03 5.766644350804891678e-40
1.366134856480834060e+03 6.012137994693298876e-40
1.399179855403365309e+03 6.268179183826892888e-40
1.433024169231456426e+03 6.535225271638266889e-40
1.467687132337601952e+03 6.813753623932462083e-40
1.503188546767249363e+03 7.103680518639561382e-40
1.539548693551178530e+03 7.399836441534054364e-40
1.576788344291541989e+03 7.708454696988930527e-40
1.614928773028128262e+03 8.030064928786517869e-40
1.653991768391666710e+03 8.365219526123654895e-40
1.693999646051103809e+03 8.714494611003777349e-40
1.734975261461962191e+03 9.077831945999122751e-40
1.776942022923064769e+03 9.456343676544985162e-40
1.819923904949084772e+03 9.842892078775993968e-40
1.863945461966563698e+03 1.024506823206975341e-39
1.909031842341198399e+03 1.066377379651782189e-39
1.955208802744468585e+03 1.109969216057313630e-39
2.002502722867734747e+03 1.155405968978326746e-39
2.050940620492271592e+03 1.203703933397304651e-39
2.100550166923820143e+03 1.254034060377160138e-39
2.151359702800481045e+03 1.306482384975751028e-39
2.203398254282983544e+03 1.361012217450702130e-39
2.256695549636574469e+03 1.415926028729360235e-39
2.311282036213983247e+03 1.473068902398377975e-39
2.367188897849226123e+03 1.532531895286688539e-39
2.424448072672098533e+03 1.594409808454022197e-39
2.483092271353596971e+03 1.658801342200767775e-39
2.543154995792672707e+03 1.725827434519800464e-39
2.604670558254992102e+03 1.795330834829159133e-39
2.667674100974636076e+03 1.867642807530126908e-39
2.732201616229946922e+03 1.942350406121218744e-39
2.798289966904954326e+03 2.019499772073519149e-39
2.865976907548212239e+03 2.099723589632849919e-39
2.935301105940963680e+03 2.183144791334488810e-39
3.006302165187038099e+03 2.270106122618481748e-39
3.079020646337074595e+03 2.362866902148002907e-39
3.153498091559984914e+03 2.459432700634666204e-39
3.229777047874913933e+03 2.559960170564874212e-39
3.307901091457239090e+03 2.664395809698070870e-39
3.387914852532507666e+03 2.771079701057721813e-39
3.469864040872490932e+03 2.882049309954078961e-39
3.553795471908025775e+03 2.998155212910494216e-39
3.639757093473417626e+03 3.128859717175012615e-39
3.727798013197796081e+03 3.265324643239833359e-39
3.817968526559017391e+03 3.407806792640997876e-39
3.910320145616158698e+03 3.556574551221562264e-39
4.004905628437012638e+03 3.712900443084011112e-39
4.101779009237400714e+03 3.895374693182627112e-39
4.200995629249477133e+03 4.086880291550883006e-39
4.302612168336776449e+03 4.287648489754843231e-39
4.406686677373910243e+03 4.489551640052183288e-39
4.513278611409520636e+03 4.701007803084712221e-39
4.622448863631398126e+03 4.922470996397115262e-39
4.734259800153166907e+03 5.154416904706571499e-39
4.848775295642421042e+03 5.397343917896726823e-39
4.966060769810649617e+03 5.651774218914223185e-39
5.086183224785821039e+03 6.004272628154794649e-39
5.209211283388907759e+03 6.433881306850556877e-39
5.335215228336373002e+03 6.909010697567913715e-39
5.464267042390808456e+03 7.452873747338970826e-39
5.596440449482818622e+03 8.043832179123193623e-39
5.731810956827577684e+03 8.686252074849276956e-39
5.870455898060124127e+03 9.384924160424201126e-39
6.012454477414054963e+03 1.015562955924014599e-38
6.157887814968837120e+03 1.111583962571096704e-38
6.306838992991552914e+03 1.217255543367079024e-38
6.459393103399690517e+03 1.333299913221387946e-38
6.615637296371896809e+03 1.461048435970552735e-38
6.775660830134599564e+03 1.601710509775720662e-38
6.939555121952908848e+03 1.756621797369642431e-38
7.107413800354909654e+03 1.927899026783582099e-38
7.279332758619192646e+03 2.110099836703895961e-38
7.455410209556199334e+03 2.309451702576471512e-38
7.635746741614569146e+03 2.528295607951870322e-38
7.820445376344788201e+03 2.768692778503054026e-38
8.009611627252648759e+03 3.032856589995229395e-38
8.203353560076371650e+03 3.324282855037169318e-38
8.401781854521745117e+03 3.646907264501617559e-38
8.605009867490542092e+03 4.004265172038141789e-38
8.813153697838364678e+03 4.397770428635071645e-38
9.026332252698886805e+03 4.828269397924043892e-38
9.244667315412407333e+03 5.279482940076011800e-38
9.468283615097421716e+03 5.782830473066493051e-38
9.697308897905219055e+03 6.338564358606188533e-38
9.931873999997851570e+03 6.948887269498071058e-38
1.017211292229142600e+04 7.520988803340201298e-38
1.041816290700733953e+04 8.099144291777212217e-38
1.067016451607516319e+04 8.722947196001294210e-38
1.092826171143201282e+04 9.396074851410422685e-38
1.119260193726425314e+04 1.012250556030050803e-37
1.146333620423843604e+04 1.090654354109258723e-37
1.174061917576986707e+04 1.175284596759034067e-37
1.202460925637770015e+04 1.265973646657316082e-37
1.231546868217731935e+04 1.356081522464296659e-37
1.261336361356158704e+04 1.452668991704890668e-37
1.291846423012394916e+04 1.556205135700036733e-37
1.323094482787758170e+04 1.667193153570000069e-37
1.355098391882615397e+04 1.786172852461256095e-37
1.387876433294310300e+04 1.913723320047860746e-37
1.421447332261750671e+04 2.050465792681000217e-37
1.455830266962665701e+04 2.197066733544528602e-37
1.491044879469585794e+04 2.354241136229389111e-37
1.527111286970849324e+04 2.511037963388405636e-37
1.564050093263026611e+04 2.674175450030193649e-37
1.601882400521330237e+04 2.836999668161408624e-37
1.640629821354737214e+04 2.995554960505884784e-37
1.680314491152711344e+04 3.163247625639768978e-37
1.720959080730558708e+04 3.337512148024615260e-37
1.762586809280693342e+04 3.518505072119990574e-37
1.805221457637142157e+04 3.709543742302078950e-37
1.848887381860916867e+04 3.911197116277231576e-37
1.893609527153995805e+04 4.124066925856191554e-37
1.939413442109866446e+04 4.348789590994826038e-37
1.986325293308768960e+04 4.586038246841066734e-37
2.034371880265985237e+04 4.818572611907186824e-37
2.083580650741684076e+04 5.055452685654915410e-37
2.133979716421135527e+04 5.304083223389849052e-37
2.185597868974165613e+04 5.565052665061801212e-37
2.238464596503089706e+04 5.838979216727132630e-37
2.292610100388493447e+04 6.126512372575516504e-37
2.348065312542495667e+04 6.428334515691550244e-37
2.404861913079338774e+04 6.745162601675620495e-37
2.463032348413412910e+04 7.077749929467972373e-37
2.522609849795048649e+04 7.409493619099432413e-37
2.583628452294642557e+04 7.709031339622413240e-37
2.646123014246034290e+04 8.021941323361547653e-37
2.710129237160142293e+04 8.348901037320726122e-37
2.775683686120308630e+04 8.690627959281578175e-37
2.842823810670977400e+04 9.047882341677161246e-37
2.911587966211639650e+04 9.421470192314327891e-37
2.982015435908272775e+04 9.812246490445766471e-37
3.054146453134793046e+04 1.019755796069972647e-36
3.128022224457305492e+04 1.059169205446176598e-36
3.203684953174377370e+04 1.100310549364238136e-36
3.281177863426654221e+04 1.143271035321377291e-36
3.360545224889690144e+04 1.188147816167112178e-36
3.441832378064055229e+04 1.235044449977600475e-36
3.525085760177181510e+04 1.284071399359886979e-36
3.610352931711735437e+04 1.335346573743562393e-36
3.697682603575682151e+04 1.388995918545781299e-36
3.787124664929561550e+04 1.445154055454978269e-36
3.878730211686828989e+04 1.503964978470301392e-36
3.972551575703667913e+04 1.565582810764009343e-36
4.068642354674777016e+04 1.620560180661404320e-36
4.167057442752341740e+04 1.675566411697341303e-36
4.267853061905631330e+04 1.732689453771368425e-36
4.371086794039140659e+04 1.792023174247373961e-36
4.476817613887627522e+04 1.853666220530572956e-36
4.585105922706847923e+04 1.917722292320138256e-36
4.696013582779178978e+04 1.984300430595634191e-36
4.809603952753980411e+04 2.053515324414186659e-36
4.925941923842697724e+04 2.125487636665668517e-36
5.045093956889529363e+04 2.200344350009697092e-36
5.167128120338767621e+04 2.278219134298123571e-36
5.292114129120522557e+04 2.359252736874273133e-36
5.420123384477043146e+04 2.443593397230617720e-36
5.551229014752394141e+04 2.529261890825897480e-36
5.685505917168718588e+04 2.614939962464365622e-36
5.823030800613137399e+04 2.704046999840316188e-36
5.963882229459485825e+04 2.796747742627206817e-36
6.108140668450100202e+04 2.893216131542097869e-36
6.255888528663221223e+04 2.993635874099804528e-36
6.407210214592293050e+04 3.092556613006442857e-36
6.562192172364046564e+04 3.191930052238945679e-36
6.720922939122909156e+04 3.294878509882188860e-36
6.883493193609968876e+04 3.401545178852715837e-36
7.049995807965364656e+04 3.509675416086872031e-36
7.220525900783733232e+04 3.615857487652338402e-36
7.395180891452915967e+04 3.725745093041410469e-36
7.574060555807204219e+04 3.839487615696022160e-36
7.757267083126600483e+04 3.957241209320192187e-36
7.944905134514904057e+04 4.079169129718307990e-36
8.137081902689870913e+04 4.205442083658364946e-36
8.333907173219601100e+04 4.336238595656442428e-36
8.535493387240178708e+04 4.471745393624256226e-36
8.741955705690366449e+04 4.612157814374095898e-36
8.953412075099974754e+04 4.757680230026125216e-36
9.169983294969736016e+04 4.908526496420754261e-36
9.391793086780837621e+04 5.064920424696517417e-36
9.618968164673788124e+04 5.227096277255308990e-36
9.851638307836896274e+04 5.395299289403918543e-36
1.008993643464572961e+05 5.556082939420090266e-36
1.033399867859591468e+05 5.698753801945412033e-36
1.058396446607264370e+05 5.845532067045499520e-36
1.083997659600135230e+05 5.996547546680674677e-36
1.110218132142492395e+05 6.151934460615803798e-36
1.137072843305436691e+05 6.311831594052753012e-36
1.164577134484024864e+05 6.476382461102976323e-36
1.192746718161409663e+05 6.645735474321501695e-36
1.221597686884971627e+05 6.820044120532595898e-36
1.251146522459570551e+05 6.999467143185742603e-36
1.281410105363170296e+05 7.184168731489873373e-36
1.312405724390217802e+05 7.374318716583344399e-36
1.344151086528268934e+05 7.570092775006932758e-36
1.376664327073543682e+05 7.771672639758435809e-36
1.409964019991137029e+05 7.979246319216032878e-36
1.444069188525842619e+05 8.193008324230866765e-36
1.478999316069635679e+05 8.413159903699696937e-36
1.514774357292025525e+05 8.639909288940861910e-36
1.551414749539637414e+05 8.873471947209053605e-36
1.588941424511538353e+05 9.110965225707469897e-36
1.627375820216956490e+05 9.328655208152108616e-36
1.666739893222275423e+05 9.551830726577981243e-36
1.707056131194234767e+05 9.777544263847461862e-36
1.748347565746549226e+05 9.993839129838336587e-36
1.790637785597267793e+05 1.021527215395135423e-35
1.833950950044393830e+05 1.044197252477119138e-35
1.878311802767459012e+05 1.067407282719283808e-35
1.923745685962942080e+05 1.091170913482938268e-35
1.970278554821607831e+05 1.115502110500005573e-35
2.017936992356013798e+05 1.140415207637198979e-35
2.066748224586713768e+05 1.165924916933073693e-35
2.116740136095758353e+05 1.192046338915719202e-35
2.167941285956430365e+05 1.218794973209207864e-35
2.220380924048298330e+05 1.246186729436816344e-35
2.274089007766909199e+05 1.274237938429703561e-35
2.329096219137664302e+05 1.302965363749582760e-35
2.385433982343665848e+05 1.332386213534459880e-35
2.443134481677511358e+05 1.362518152676547388e-35
2.502230679927369056e+05 1.393379315341980630e-35
2.562756337207737379e+05 1.421948566868372047e-35
2.624746030245723086e+05 1.450532945408862876e-35
2.688235172133821179e+05 1.479714519715760454e-35
2.753260032560488908e+05 1.509506038015371218e-35
2.819857758530074498e+05 1.539920524285132497e-35
2.888066395583926351e+05 1.570971284274029190e-35
2.957924909534826875e+05 1.602671911655365482e-35
3.029473208727116580e+05 1.634165099151806171e-35
3.102752166835326352e+05 1.665021772187770167e-35
3.177803646214216715e+05 1.696489876976165520e-35
3.254670521813652012e+05 1.728581962264688860e-35
3.333396705671939999e+05 1.761310841368836662e-35
3.414027172001632862e+05 1.794689597870673128e-35
3.496607982882120414e+05 1.828731591442333060e-35
3.581186314573699492e+05 1.863450463797316031e-35
3.667810484468109789e+05 1.898860144772121400e-35
3.756529978691041470e+05 1.934974858541433623e-35
3.847395480372238671e+05 1.971809129969661072e-35
3.940458898599453387e+05 2.009377791101835202e-35
4.035773398072752170e+05 2.046852832615660224e-35
4.133393429476119345e+05 2.084413076106658258e-35
4.233374760583713651e+05 2.122693571033425613e-35
4.335774508118545637e+05 2.161708496678003319e-35
4.440651170381738339e+05 2.201472316553962410e-35
4.548064660671128077e+05 2.241999784184765408e-35
4.658076341508134501e+05 2.283305949001044181e-35
4.770749059692574083e+05 2.325406162359243779e-35
4.886147182205392746e+05 2.368316083683962609e-35
5.004336632979845745e+05 2.411979847291730607e-35
5.125384930562114459e+05 2.454543026673278659e-35
5.249361226682891138e+05 2.497898326992041776e-35
5.376336345761965495e+05 2.542061056898436579e-35
5.506382825368322665e+05 2.587046829468427602e-35
5.639574957659029169e+05 2.632871568394347950e-35
5.775988831820354098e+05 2.679551514303608010e-35
5.915702377535549458e+05 2.727103231208577040e-35
6.058795409504036652e+05 2.775543613089745371e-35
6.205349673037467292e+05 2.824889890615468101e-35
6.355448890758678317e+05 2.872953413121072842e-35
6.509178810430255253e+05 2.916711923708950818e-35
6.666627253939937800e+05 2.961157381680153380e-35
6.827884167471044930e+05 3.006300691329844934e-35
6.993041672886334127e+05 3.052152930752993574e-35
7.162194120354822371e+05 3.098725354619021045e-35
7.335438142251576064e+05 3.146029396990883150e-35
7.512872708361262921e+05 3.194076674188993798e-35
7.694599182417007396e+05 3.242878987701104567e-35
7.880721380006836262e+05 3.292448327138579197e-35
8.071345627880839165e+05 3.342796873239922009e-35
8.266580824692787137e+05 3.393937000922298508e-35
8.466538503211197676e+05 3.445881282381800252e-35
8.671332894035020145e+05 3.498642490243272938e-35
8.881080990850612288e+05 3.552233600760473719e-35
9.095902617267174646e+05 3.606667797067242509e-35
9.315920495268853847e+05 3.661958472480878800e-35
9.541260315322603565e+05 3.718119233858046857e-35
9.772050808181882603e+05 3.775163905004425936e-35
1.000842381842709729e+06 3.832855246675427912e-35
1.025051437978508533e+06 3.884466523528426587e-35
1.049846079227027250e+06 3.936786910831555682e-35
1.075240470119188307e+06 3.989826234769974624e-35
1.101249117807220435e+06 4.043594458173489618e-35
1.127886880352215841e+06 4.098101682419698968e-35
1.155168975212152582e+06 4.153358149363319730e-35
1.183110987935232464e+06 4.209374243292757319e-35
1.211728881063488778e+06 4.266160492913569548e-35
1.241039003251784481e+06 4.323727573359935358e-35
1.271058098607360385e+06 4.382086308233895714e-35
1.301803316255310783e+06 4.441247671673022558e-35
1.333292220135429176e+06 4.501222790447164236e-35
1.365542799036028795e+06 4.562022946083977672e-35
1.398573476870467653e+06 4.623659577024546246e-35
1.432403123202248709e+06 4.686144280808711340e-35
1.467051064024712425e+06 4.749488816290863234e-35
1.502537092801458435e+06 4.813705105886934401e-35
1.538881481773854000e+06 4.878805237852210312e-35
1.576104993542023003e+06 4.944801468591380725e-35
1.614228892925980268e+06 5.008340763969649843e-35
1.653274959113667719e+06 5.071682461829336612e-35
1.693265498102836311e+06 5.135844732555722235e-35
1.734223355443878565e+06 5.201516196879642966e-35
1.776171929290900007e+06 5.268185836881174364e-35
1.819135183768457733e+06 5.335732054281721918e-35
1.863137662661661161e+06 5.404166531112092478e-35
1.908204503437380306e+06 5.473501106442311420e-35
1.954361451604628703e+06 5.543747778506849053e-35
2.001634875422299607e+06 5.614918706858210409e-35
2.050051780962663237e+06 5.687026214550762545e-35
2.099639827539230697e+06 5.760082790353288736e-35
2.150427343507803045e+06 5.834101090992525338e-35
2.202443342449700925e+06 5.909093943426392016e-35
2.255717539746494032e+06 5.985074347148981885e-35
2.310280369555604644e+06 6.062055476526549318e-35
2.366163002196550835e+06 6.140050683164917701e-35
2.423397361957735382e+06 6.219073498310089341e-35
2.482016145333958790e+06 6.299137635280530847e-35
2.542052839705072809e+06 6.379861821957929395e-35
2.603541742466445081e+06 6.461247197779159550e-35
2.666517980622171424e+06 6.543699760178491142e-35
2.731017530852193478e+06 6.627233700498677771e-35
2.797077240064869169e+06 6.711863400544729728e-35
2.864734846446627285e+06 6.797603435158722943e-35
2.934029001020813361e+06 6.884468574829893782e-35
3.004999289728009142e+06 6.972012779804807619e-35
3.077686256040446460e+06 7.054461660048519450e-35
3.152131424123435281e+06 7.137902876158795389e-35
3.228377322557039559e+06 7.222348449494376368e-35
3.306467508631519508e+06 7.307810547411446024e-35
3.386446593230511993e+06 7.394301485039059563e-35
3.468360266316037159e+06 7.481833727075737710e-35
3.552255323029986583e+06 7.570419889607899284e-35
3.638179690426968038e+06 7.660072741950902157e-35
3.726182454853775911e+06 7.750805208512006229e-35
3.816313889991142321e+06 7.842630370675978996e-35
3.908625485573776066e+06 7.935561468714189372e-35
4.003169976805111859e+06 8.028197132613553748e-35
4.100001374483522028e+06 8.117189946494661604e-35
4.199174995857324451e+06 8.207194740017641953e-35
4.300747496226048097e+06 8.298223190362727622e-35
4.404776901306132786e+06 8.390287110855925617e-35
4.511322640379508957e+06 8.483398452570013874e-35
4.620445580243991688e+06 8.577569305944395966e-35
4.732208059984891675e+06 8.672811902423734666e-35
4.846673926587718539e+06 8.769138616116478350e-35
4.963908571412255988e+06 8.866561965473030092e-35
5.083978967548995279e+06 8.965094614983231220e-35
5.206953708079074509e+06 9.064749376894615465e-35
5.332903045259723440e+06 9.165539212950862796e-35
5.461898930657545105e+06 9.267477236150413383e-35
5.594015056252562441e+06 9.370576712526465816e-35
5.729326896536524408e+06 9.474851062948044193e-35
5.867911751629525796e+06 9.580313864941804798e-35
6.009848791439495049e+06 9.686978854536165705e-35
6.155219100889964961e+06 9.794859928127103950e-35
6.304105726241732016e+06 9.903971144365591410e-35
6.456593722535019740e+06 1.000956607101908800e-34
6.612770202179205604e+06 1.011614693143983583e-34
6.772724384717863053e+06 1.022390437781157286e-34
6.936547647797558457e+06 1.033285174561779619e-34
7.104333579369514249e+06 1.043996768253182547e-34
7.276178031153972261e+06 1.054633807351314804e-34
7.452179173397721723e+06 1.065382049987763139e-34
7.632437550956285559e+06 1.076242679999798835e-34
7.817056140732510015e+06 1.087216894006162560e-34
8.006140410504596308e+06 1.098305901546634222e-34
8.199798379177082330e+06 1.109510925223159858e-34
8.398140678489230573e+06 1.120833200842557813e-34
8.601280616216041148e+06 1.132273977560767427e-34
8.809334240898048505e+06 1.143834518028728315e-34
9.022420408136747777e+06 1.155516098539803441e-34
9.240660848493805155e+06 1.167320009178915755e-34
9.464180237032471225e+06 1.179247553973267320e-34
9.693106264541210607e+06 1.191300051044725814e-34
9.927569710480112582e+06 1.203478832763928230e-34
1.016770451769178361e+07 1.214989994148677023e-34
1.041364786891938746e+07 1.226264575315859601e-34
1.066554026517557539e+07 1.237648049710934842e-34
1.092352560600705259e+07 1.249141499819472231e-34
1.118775127170055546e+07 1.260746019126204433e-34
1.145836820747747831e+07 1.272462712228633481e-34
1.173553100972486474e+07 1.284292694951941696e-34
1.201939801431229152e+07 1.296237094465006140e-34
1.231013138704502583e+07 1.308297049397665634e-34
1.260789721630510874e+07 1.320473709959239056e-34
1.291286560793331265e+07 1.332768238058208108e-34
1.322521078240618855e+07 1.345181807423281158e-34
1.354511117436357029e+07 1.357715603725557832e-34
1.387274953454378061e+07 1.370370824702180727e-34
1.420831303418425284e+07 1.383148680281032720e-34
1.455199337194759212e+07 1.396050392706979979e-34
1.490398688343401626e+07 1.409077196669286723e-34
1.526449465334274992e+07 1.422230339430405702e-34
1.563372263034647703e+07 1.435511080956152741e-34
1.601188174474444985e+07 1.448948644497588178e-34
1.639918802896134742e+07 1.462554499181215815e-34
1.679586274096114188e+07 1.476292907003793220e-34
1.720213249064586312e+07 1.490165193099519636e-34
1.761822936931195855e+07 1.504172696112440184e-34
1.804439108223798499e+07 1.518316768336324690e-34
1.848086108447941393e+07 1.532598775855942964e-34
1.892788871994816512e+07 1.547020098689938405e-34
1.938572936385625973e+07 1.561582130934988163e-34
1.985464456860504672e+07 1.576286280911773934e-34
2.033490221320310608e+07 1.591133971312139044e-34
2.082677665629876032e+07 1.606126639348113681e-34
2.133054889291385561e+07 1.621265736902290628e-34
2.184650671496890113e+07 1.636552730679763592e-34
2.237494487569110096e+07 1.651989102361887945e-34
2.291616525799914822e+07 1.667576348761355806e-34
2.347047704696106911e+07 1.683315981979124755e-34
2.403819690642361715e+07 1.699209529562858682e-34
2.461964915991386771e+07 1.715258534667113416e-34
2.521516597591706365e+07 1.731455807579850428e-34
2.582508755763560534e+07 1.747765322423652487e-34
2.644976233733830228e+07 1.764234232046440521e-34
2.708954717541062832e+07 1.780864134829700450e-34
2.774480756421973184e+07 1.797656645498307981e-34
2.841591783691068739e+07 1.814613395290090518e-34
2.910326138125324622e+07 1.831736032127406464e-34
2.980723085866130143e+07 1.849026220790212723e-34
3.052822842850986496e+07 1.866454031661186767e-34
3.126666597787858546e+07 1.884040290126824329e-34
3.202296535685181618e+07 1.901798247428846814e-34
3.279755861951062828e+07 1.919729622149479581e-34
3.359088827075402439e+07 1.937836150400448534e-34
3.440340751909039915e+07 1.956119586004369334e-34
3.523558053554376215e+07 1.974581700678137115e-34
3.608788271882257611e+07 1.993224284218131117e-34
3.696080096690232307e+07 2.012049144687367662e-34
3.785483395517803729e+07 2.031058108604712647e-34
3.877049242134425789e+07 2.050253021135914945e-34
3.970829945716620237e+07 2.069635746286804530e-34
4.066879080730840564e+07 2.088018263582777491e-34
4.165251517539168894e+07 2.106431374349950582e-34
4.266003453745317459e+07 2.125019569463668054e-34
4.369192446298862994e+07 2.143784600569800658e-34
4.474877444375993311e+07 2.162728237407316390e-34
4.583118823055681586e+07 2.181852267998670717e-34
4.693978417810361087e+07 2.201158498842410708e-34
4.807519559830921143e+07 2.220648755107645389e-34
4.923807112206164002e+07 2.240324880830773205e-34
5.042907506977393478e+07 2.260188739114123175e-34
5.164888783089302480e+07 2.280242212326835182e-34
5.289820625258848816e+07 2.300487202307875483e-34
5.417774403784321249e+07 2.320925630571097633e-34
5.548823215317285061e+07 2.341559438512665278e-34
5.683041924620855600e+07 2.362390587620489138e-34
5.820507207337936014e+07 2.383421059686096004e-34
5.961297593794022501e+07 2.404652857018549119e-34
6.105493513859527558e+07 2.426088002660852322e-34
6.253177342897264659e+07 2.447728540608458609e-34
6.404433448821339756e+07 2.469856248495272715e-34
6.559348240294352174e+07 2.492366408438292384e-34
6.718010216090351343e+07 2.515093947699003637e-34
6.880510015651957691e+07 2.538041050253176049e-34
7.046940470870251954e+07 2.561209922607564902e-34
7.217396659117224813e+07 2.584602794036400825e-34
7.391975957560998201e+07 2.608221916820323415e-34
7.570778098794853687e+07 2.632069566487982490e-34
7.753905227811862528e+07 2.656148042060043968e-34
7.941461960357648134e+07 2.680459666296001093e-34
8.133555442694650590e+07 2.705006785943202547e-34
8.330295412811914086e+07 2.729791771989128081e-34
8.531794263115641475e+07 2.754817019915738219e-34
8.738167104635968804e+07 2.780084949956924357e-34
8.949531832786907256e+07 2.805598007358480251e-34
9.166009194716915488e+07 2.831358662640992585e-34
9.387722858288590610e+07 2.857369411865388060e-34
9.614799482726889849e+07 2.883632776901365352e-34
9.847368790976253152e+07 2.910151305698669184e-34
