9.858273282434367957e+01 9.907092365407471005e+33
1.957361443197625590e+02 9.428981834955722641e+33
2.928895558151814384e+02 8.993863172128460790e+33
3.900429673106003747e+02 8.426391404178074604e+33
4.871963788060191973e+02 9.310476940625125323e+33
5.843497903014381336e+02 9.577033866569464263e+33
6.815032017968569562e+02 9.380094328109861610e+33
7.786566132922758925e+02 8.501648399247430216e+33
8.758100247876947151e+02 9.015488055364041988e+33
9.729634362831136514e+02 7.643371768516468731e+33
1.070116847778532474e+03 9.868193971963234151e+33
1.167270259273951297e+03 1.161583478374266318e+34
1.264423670769370119e+03 7.512069141477572712e+33
1.361577082264789169e+03 8.710116660969504810e+33
1.458730493760207992e+03 9.194080145875912175e+33
1.555883905255626814e+03 7.599093519143208424e+33
1.653037316751045637e+03 8.851443996534442879e+33
1.750190728246464460e+03 7.601255097109027186e+33
1.847344139741883282e+03 6.900984777818050286e+33
1.944497551237302332e+03 5.739495103500637451e+33
2.041650962732721155e+03 6.035613304712790668e+33
2.138804374228140205e+03 6.368973797524036625e+33
2.235957785723559027e+03 6.835482112902807508e+33
2.333111197218978305e+03 5.564928500858357474e+33
2.430264608714396672e+03 6.538936100414553292e+33
2.527418020209815950e+03 6.592270667703578084e+33
2.624571431705234318e+03 5.330184209995348249e+33
2.721724843200653595e+03 5.009011924783840039e+33
2.818878254696072872e+03 4.663648507176932653e+33
2.916031666191491240e+03 3.566256636968028127e+33
3.013185077686910518e+03 3.538100028429872255e+33
3.110338489182328885e+03 3.747644152911270544e+33
3.207491900677748163e+03 2.491081255686335343e+33
3.304645312173166531e+03 4.295625934915773888e+33
3.401798723668585808e+03 2.386118051780724279e+33
3.498952135164004176e+03 3.219751315654039369e+33
3.596105546659423453e+03 1.126616009963896545e+33
3.693258958154842730e+03 1.238302368078781237e+33
3.790412369650261098e+03 1.579120973492717581e+33
3.887565781145680376e+03 1.252759751252940551e+33
3.984719192641098743e+03 5.173330905256702323e+32
4.081872604136517566e+03 5.936630961396176131e+32
4.179026015631936389e+03 8.561920032403440134e+32
4.276179427127355666e+03 2.714710311111627868e+32
4.373332838622774943e+03 4.614030088505579499e+32
4.470486250118193311e+03 2.643389810664834466e+32
4.567639661613611679e+03 3.721301819003316787e+32
4.664793073109030956e+03 1.383315694549964356e+32
4.761946484604450234e+03 4.619941825597269501e+31
4.859099896099869511e+03 6.254821589830020832e+31
