9.932733596579677737e+01 3.385867292137871881e+35
1.979215038133548035e+02 3.303053875701145061e+35
2.965156716609128580e+02 3.293620587119111399e+35
3.951098395084708272e+02 3.221269503054065246e+35
4.937040073560289102e+02 3.196578893638473889e+35
5.922981752035868794e+02 3.230751116551893430e+35
6.908923430511449624e+02 3.147157703294553980e+35
7.894865108987029316e+02 3.281073022310524664e+35
8.880806787462610146e+02 3.135744439240243628e+35
9.866748465938190975e+02 3.149734116194593752e+35
1.085269014441377067e+03 3.206144883214086794e+35
1.183863182288935150e+03 3.101355593584550491e+35
1.282457350136493005e+03 2.879982463578483353e+35
1.381051517984051088e+03 2.860760331823950058e+35
1.479645685831609171e+03 3.033282152169716614e+35
1.578239853679167027e+03 2.859046127922685648e+35
1.676834021526725337e+03 2.899064803817875015e+35
1.775428189374283193e+03 2.871298709503033670e+35
1.874022357221841276e+03 2.871779653150433132e+35
1.972616525069399358e+03 2.547212902482605284e+35
2.071210692916957214e+03 2.543284605148050605e+35
2.169804860764515070e+03 2.440683365661923618e+35
2.268399028612073380e+03 2.444193306958691937e+35
2.366993196459631690e+03 2.420829433327080418e+35
2.465587364307189091e+03 2.317883472326261026e+35
2.564181532154747401e+03 2.065885524330331094e+35
2.662775700002305712e+03 1.976805584798076316e+35
2.761369867849863112e+03 1.830132818837338394e+35
2.859964035697421423e+03 1.891731982351485028e+35
2.958558203544979733e+03 1.787271864274064178e+35
3.057152371392537589e+03 1.730475632487961486e+35
3.155746539240095444e+03 1.573722771268889707e+35
3.254340707087653755e+03 1.552636932743022659e+35
3.352934874935211610e+03 1.533983260362802267e+35
3.451529042782769466e+03 1.326031499919533298e+35
3.550123210630327776e+03 1.052522010589556259e+35
3.648717378477886086e+03 1.242136555869623728e+35
3.747311546325443487e+03 1.088031245963199939e+35
3.845905714173001797e+03 1.004201815695644969e+35
3.944499882020560108e+03 1.026774565397176861e+35
4.043094049868117509e+03 7.896927176759362589e+34
4.141688217715675819e+03 8.729500705649240021e+34
4.240282385563234129e+03 7.325129842006207475e+34
4.338876553410791530e+03 5.895375571229020762e+34
4.437470721258349840e+03 4.967140641864843261e+34
4.536064889105908151e+03 3.734504663606622923e+34
4.634659056953465551e+03 3.020817553168870320e+34
4.733253224801023862e+03 2.766187473449252338e+34
4.831847392648582172e+03 1.474496565347248151e+34
4.930441560496139573e+03 3.734506688212322355e+33
