9.932451057851133669e+01 3.732495092460547001e+35
1.979720764352783249e+02 3.362391645391914182e+35
2.966196422920453415e+02 3.458048546468840405e+35
3.952672081488123013e+02 3.178173805183570990e+35
4.939147740055793747e+02 3.234293650800834673e+35
5.925623398623463345e+02 3.621095657522075138e+35
6.912099057191132943e+02 3.265410185981581372e+35
7.898574715758803677e+02 3.242478868428139002e+35
8.885050374326473275e+02 3.168950842617245665e+35
9.871526032894144009e+02 3.137291343599618561e+35
1.085800169146181361e+03 3.179480627689335470e+35
1.184447735002948320e+03 3.103871364817821717e+35
1.283095300859715280e+03 2.968686873490688561e+35
1.381742866716482240e+03 2.818300061342012534e+35
1.480390432573249427e+03 2.842587080326713982e+35
1.579037998430016387e+03 2.790564289802567435e+35
1.677685564286783347e+03 2.797799980762385434e+35
1.776333130143550306e+03 2.740140908851564115e+35
1.874980696000317494e+03 2.696747536974890614e+35
1.973628261857084453e+03 2.648873640014689901e+35
2.072275827713851413e+03 2.582578536814999361e+35
2.170923393570618373e+03 2.375565039258710358e+35
2.269570959427385333e+03 2.168443370634369776e+35
2.368218525284152292e+03 2.089677301091455113e+35
2.466866091140919252e+03 2.244323896256593366e+35
2.565513656997686212e+03 2.128464917120163494e+35
2.664161222854453626e+03 2.137395689279847445e+35
2.762808788711220586e+03 1.965901744606127561e+35
2.861456354567987546e+03 1.938673543645947057e+35
2.960103920424754506e+03 1.847552864751162749e+35
3.058751486281521466e+03 1.770667212133092478e+35
3.157399052138288425e+03 1.692008060144370366e+35
3.256046617995055385e+03 1.605684989366276992e+35
3.354694183851822345e+03 1.409075920088695038e+35
3.453341749708589305e+03 1.481253289564449757e+35
3.551989315565356264e+03 1.446438282864003892e+35
3.650636881422123224e+03 1.159286985752629564e+35
3.749284447278890184e+03 1.148603630290519695e+35
3.847932013135657598e+03 1.002482702512376080e+35
3.946579578992424558e+03 9.444027882931887899e+34
4.045227144849191518e+03 8.059332111912493498e+34
4.143874710705958023e+03 7.428664555464471454e+34
4.242522276562724983e+03 5.928947199136028705e+34
4.341169842419491943e+03 5.528508030015312345e+34
4.439817408276258902e+03 5.442045449295723975e+34
4.538464974133025862e+03 3.234238820002321682e+34
4.637112539989792822e+03 2.883292935356954344e+34
4.735760105846559782e+03 2.007955645100137865e+34
4.834407671703326741e+03 1.730028121051430781e+34
4.933055237560093701e+03 3.140642614106643143e+33
