9.812309510932129797e+01 2.938947865824877060e+34
1.943043161025059362e+02 2.899003869290328969e+34
2.904855370956905745e+02 2.575939082060843403e+34
3.866667580888752696e+02 2.769066388924872021e+34
4.828479790820599078e+02 3.261187347205772415e+34
5.790292000752444892e+02 3.289444232654809918e+34
6.752104210684292411e+02 2.810422353650007709e+34
7.713916420616137657e+02 2.651371279245222715e+34
8.675728630547985176e+02 2.702743708099756920e+34
9.637540840479830422e+02 2.872350814284850412e+34
1.059935305041167794e+03 2.368859679420878915e+34
1.156116526034352319e+03 2.814764542790567601e+34
1.252297747027537071e+03 2.240797347241141620e+34
1.348478968020721823e+03 2.354898252669598929e+34
1.444660189013906347e+03 2.246931185423566876e+34
1.540841410007090872e+03 2.755327169822031533e+34
1.637022631000275851e+03 2.223811763072837700e+34
1.733203851993460376e+03 1.817939232030733233e+34
1.829385072986644900e+03 2.396188615453984077e+34
1.925566293979829652e+03 2.189424425962109891e+34
2.021747514973014404e+03 1.691234157921341138e+34
2.117928735966199383e+03 1.552846135462953644e+34
2.214109956959383453e+03 1.417565636199170378e+34
2.310291177952568432e+03 1.455593391442320828e+34
2.406472398945753412e+03 1.357549870662818381e+34
2.502653619938937481e+03 1.585942593093206872e+34
2.598834840932122461e+03 1.345569576379789575e+34
2.695016061925307440e+03 1.578530260453873228e+34
2.791197282918491510e+03 1.141374060295812461e+34
2.887378503911676489e+03 8.343569783281305882e+33
2.983559724904861014e+03 8.648426805125035471e+33
3.079740945898045538e+03 9.781785803510584435e+33
3.175922166891230518e+03 8.620440379177932483e+33
3.272103387884415042e+03 7.144718675062260347e+33
3.368284608877599567e+03 8.780797084938232656e+33
3.464465829870784546e+03 5.746723694863747391e+33
3.560647050863968616e+03 6.297674846916085304e+33
3.656828271857153595e+03 7.533861769700379696e+33
3.753009492850338574e+03 6.701235716597651629e+33
3.849190713843522644e+03 2.815217838761583740e+33
3.945371934836707624e+03 3.213931567997925919e+33
4.041553155829892603e+03 4.050446925228049219e+33
4.137734376823076673e+03 2.956316646935479977e+33
4.233915597816261652e+03 1.484130757410932337e+33
4.330096818809445722e+03 1.155135550051075230e+33
4.426278039802629792e+03 8.889148547572730078e+32
4.522459260795814771e+03 7.073844835018959250e+32
4.618640481788999750e+03 6.669722902517447255e+32
4.714821702782184730e+03 1.859867365464834525e+32
4.811002923775368799e+03 1.874450145577966713e+32
