9.945473874281537974e+01 4.193116870497967576e+35
1.983619220243992345e+02 4.098837002849740519e+35
2.972691053059830892e+02 3.984756341527903089e+35
3.961762885875670008e+02 3.975021018430932336e+35
4.950834718691507987e+02 3.950530807057850993e+35
5.939906551507347103e+02 3.842690776196426020e+35
6.928978384323186219e+02 3.839905535364844516e+35
7.918050217139024198e+02 3.727172988679262845e+35
8.907122049954863314e+02 3.813355484695104082e+35
9.896193882770701293e+02 3.624314776158363854e+35
1.088526571558654041e+03 3.581908063314822942e+35
1.187433754840237953e+03 3.531213831755050964e+35
1.286340938121821864e+03 3.377089680801748464e+35
1.385248121403405548e+03 3.274747647172099095e+35
1.484155304684989460e+03 3.187636248308162647e+35
1.583062487966573372e+03 3.149455715094318853e+35
1.681969671248157283e+03 2.997719207680483076e+35
1.780876854529741195e+03 2.972466265950972148e+35
1.879784037811325106e+03 2.741623141490528769e+35
1.978691221092908791e+03 2.710042339315838622e+35
2.077598404374492929e+03 2.545608158665347473e+35
2.176505587656076386e+03 2.474359675024231003e+35
2.275412770937660753e+03 2.329107219424927806e+35
2.374319954219244210e+03 2.146231342432992255e+35
2.473227137500828576e+03 2.100267074827485793e+35
2.572134320782412033e+03 1.856870241574959383e+35
2.671041504063995944e+03 1.773845672745939547e+35
2.769948687345579856e+03 1.658837850482630898e+35
2.868855870627163313e+03 1.488052517105558339e+35
2.967763053908747679e+03 1.496379392297397067e+35
3.066670237190331136e+03 1.375538160744522770e+35
3.165577420471915502e+03 1.227387781662250156e+35
3.264484603753498959e+03 1.150156577839980090e+35
3.363391787035083325e+03 9.800807982553973585e+34
3.462298970316666782e+03 9.191258271023525818e+34
3.561206153598251149e+03 8.174808004209512381e+34
3.660113336879834605e+03 7.281480586359401694e+34
3.759020520161418517e+03 6.648284342310558914e+34
3.857927703443002429e+03 5.542673028054121689e+34
3.956834886724585886e+03 4.580561523130095768e+34
4.055742070006170252e+03 3.869775304130144679e+34
4.154649253287754618e+03 3.161630137520651037e+34
4.253556436569337166e+03 2.416571084774973153e+34
4.352463619850921532e+03 1.917420072556587770e+34
4.451370803132505898e+03 1.484221371578217926e+34
4.550277986414089355e+03 1.000447683884627897e+34
4.649185169695672812e+03 5.801775200728062335e+33
4.748092352977257178e+03 2.902124283144398799e+33
4.846999536258841545e+03 1.184486815498458263e+33
4.945906719540425001e+03 1.947103136366591637e+32
