9.915151779479273841e+01 9.074237475152880178e+33
1.966358266389160292e+02 9.906316052837438082e+33
2.941201354830393484e+02 8.475763682602925463e+33
3.916044443271625823e+02 1.078530313879400714e+34
4.890887531712859300e+02 1.050681512218390683e+34
5.865730620154091639e+02 1.028161635654881548e+34
6.840573708595325115e+02 9.644845846539856246e+33
7.815416797036557455e+02 1.007524763945854519e+34
8.790259885477789794e+02 9.204347835019315534e+33
9.765102973919022133e+02 6.720186593076710431e+33
1.073994606236025675e+03 9.633602273377593483e+33
1.171478915080148909e+03 8.655415936720796557e+33
1.268963223924272370e+03 9.053280051872904883e+33
1.366447532768395604e+03 9.897165315861575405e+33
1.463931841612518838e+03 9.864876701825935948e+33
1.561416150456642299e+03 6.961972305618370709e+33
1.658900459300765306e+03 8.215475930163373634e+33
1.756384768144888767e+03 6.425154799422112628e+33
1.853869076989012001e+03 7.252477352837070859e+33
1.951353385833135235e+03 5.807538134552805051e+33
2.048837694677258696e+03 7.301926690828824004e+33
2.146322003521381703e+03 6.047084405194888512e+33
2.243806312365505164e+03 5.422762759966144382e+33
2.341290621209628625e+03 4.779073119456251938e+33
2.438774930053751632e+03 7.079308996576020134e+33
2.536259238897875093e+03 4.186444578129233096e+33
2.633743547741998555e+03 4.562730838180725690e+33
2.731227856586121561e+03 5.112229246285567332e+33
2.828712165430245022e+03 3.858537474690010879e+33
2.926196474274368484e+03 4.291601149471008658e+33
3.023680783118491490e+03 3.798534621304807923e+33
3.121165091962614497e+03 3.419525025171579981e+33
3.218649400806738413e+03 2.858329578928469501e+33
3.316133709650861420e+03 2.720150587674841725e+33
3.413618018494984426e+03 2.981738756781655606e+33
3.511102327339107887e+03 1.858162913983103436e+33
3.608586636183231349e+03 2.243192300637514775e+33
3.706070945027354355e+03 1.798716251700509907e+33
3.803555253871477817e+03 1.489628323361047204e+33
3.901039562715601278e+03 1.439826577803115384e+33
3.998523871559724284e+03 1.746315249528294920e+33
4.096008180403847291e+03 9.669001509370962268e+32
4.193492489247970298e+03 7.472104487665126470e+32
4.290976798092093304e+03 7.855996623106275924e+32
4.388461106936217220e+03 6.436722924963314907e+32
4.485945415780340227e+03 1.487893638276935752e+32
4.583429724624464143e+03 1.346103309271597589e+32
4.680914033468587149e+03 1.691112341234396576e+32
4.778398342312710156e+03 1.294724714074886792e+32
4.875882651156833163e+03 2.400523625293794984e+31
