9.940300873808385518e+01 2.245469925736700401e+36
1.981908650202950355e+02 2.056001858753577244e+36
2.969787213025062442e+02 2.025964582477702039e+36
3.957665775847174245e+02 2.085523162915520868e+36
4.945544338669286617e+02 2.007542117380747067e+36
5.933422901491398989e+02 2.030503771237152895e+36
6.921301464313510223e+02 2.000980149930904718e+36
7.909180027135621458e+02 2.099449569307428915e+36
8.897058589957734966e+02 1.885498925618173131e+36
9.884937152779846201e+02 1.952923126386475126e+36
1.087281571560195744e+03 1.961972763988448387e+36
1.186069427842407094e+03 1.869012801600608413e+36
1.284857284124618218e+03 1.794819744649852127e+36
1.383645140406829341e+03 1.843991942808714292e+36
1.482432996689040465e+03 1.844454501260297310e+36
1.581220852971251816e+03 1.747806516791587341e+36
1.680008709253462939e+03 1.726998905848995969e+36
1.778796565535674290e+03 1.591373425225221137e+36
1.877584421817885413e+03 1.628896737439073320e+36
1.976372278100096537e+03 1.619058913475285418e+36
2.075160134382307660e+03 1.563221618967432813e+36
2.173947990664518329e+03 1.439177598199422400e+36
2.272735846946729907e+03 1.437355718628437193e+36
2.371523703228941486e+03 1.294136904011950785e+36
2.470311559511152154e+03 1.332692329347722691e+36
2.569099415793363733e+03 1.371191942227003980e+36
2.667887272075574401e+03 1.264526089251519796e+36
2.766675128357785979e+03 1.175811268703431315e+36
2.865462984639997103e+03 1.125919290628546640e+36
2.964250840922208226e+03 1.090703864382937205e+36
3.063038697204419805e+03 1.061519848737782059e+36
3.161826553486630473e+03 9.455753884969348283e+35
3.260614409768842052e+03 9.330031030463334439e+35
3.359402266051052720e+03 8.958524757421793200e+35
3.458190122333264299e+03 7.643554778362677052e+35
3.556977978615475422e+03 7.582389168156183733e+35
3.655765834897686545e+03 7.440908257473923275e+35
3.754553691179898124e+03 6.819076646489263123e+35
3.853341547462108792e+03 5.520559944521288479e+35
3.952129403744320371e+03 5.371045699394871068e+35
4.050917260026531039e+03 4.866925825129803496e+35
4.149705116308742618e+03 4.556058479016757224e+35
4.248492972590954196e+03 3.933817284908319724e+35
4.347280828873164864e+03 3.250572476788259238e+35
4.446068685155376443e+03 2.605339581674468810e+35
4.544856541437588021e+03 2.266180016587156914e+35
4.643644397719799599e+03 1.921174474423904838e+35
4.742432254002010268e+03 1.434485965395979767e+35
4.841220110284220937e+03 8.649613768345048255e+34
4.940007966566432515e+03 3.088715966579964297e+34
