1.000000000000000056e-01 2.054880000000027431e-61
1.023668114574698557e-01 2.076728988240353601e-61
1.047896408796918227e-01 2.098810290916133717e-61
1.072698141062738836e-01 2.121126378164429160e-61
1.098086883569477784e-01 2.143679746386787429e-61
1.124076529742773639e-01 2.166472918528143399e-61
1.150681301839455162e-01 2.189508444359289400e-61
1.177915758730354590e-01 2.212788900761984843e-61
1.205794803867327597e-01 2.236316892017470584e-61
1.234333693438835755e-01 2.260095050097422471e-61
1.263548044718556806e-01 2.285510189601838664e-61
1.293453844611592018e-01 2.318759495238315793e-61
1.324067458402943265e-01 2.352492507458267105e-61
1.355405638713054473e-01 2.386716263162228439e-61
1.387485534665306997e-01 2.421437901622854129e-61
1.420324701270502255e-01 2.456664665973808349e-61
1.453941109033447254e-01 2.492403904720990290e-61
1.488353153786914906e-01 2.528663073275410205e-61
1.523579666758357598e-01 2.565449735508429675e-61
1.559639924874875183e-01 2.602771565329630028e-61
1.596553661312088424e-01 2.641466495893297347e-61
1.634341076292676886e-01 2.682583666131816747e-61
1.673022848140508223e-01 2.724340867841966218e-61
1.712620144596386229e-01 2.766748063778377777e-61
1.753154634401630219e-01 2.809815371776542576e-61
1.794648499155811761e-01 2.853553067166575453e-61
1.837124445455142197e-01 2.897971585224537135e-61
1.880605717318154235e-01 2.943081523662644086e-61
1.925116108905473022e-01 2.988893645157432919e-61
1.970679977540646111e-01 3.035418879917767957e-61
2.017322257039141919e-01 3.084866136494647619e-61
2.065068471352833612e-01 3.137639090748998478e-61
2.113944748537410212e-01 3.191314834485130544e-61
2.163977835050376053e-01 3.245908811766297351e-61
2.215195110387456479e-01 3.301436730858365252e-61
2.267624602065418105e-01 3.357914568748989493e-61
2.321295000959508192e-01 3.415358575744920336e-61
2.376235677003892266e-01 3.473785280147983284e-61
2.432476695263706690e-01 3.533211493010170763e-61
2.490048832387492250e-01 3.593654312970952193e-61
2.548983593449034024e-01 3.665132063550762289e-61
2.609313229187812389e-01 3.744119675616223517e-61
2.671070753657506236e-01 3.824809557272855382e-61
2.734289962292198450e-01 3.907238394295728525e-61
2.799005450400177675e-01 3.991443663078571245e-61
2.865252632095455776e-01 4.077463647672123094e-61
2.933067759677346342e-01 4.165337457190707061e-61
3.002487943468744591e-01 8.082623728140105310e-49
3.073551172123913933e-01 1.029121635616354700e-48
3.146296333416941371e-01 1.311052978163654281e-48
3.220763235522207668e-01 1.671193836810457063e-48
3.296992628798524061e-01 2.131575981129977457e-48
3.375026228088864322e-01 2.720552074379768938e-48
3.454906735547882968e-01 3.474647561442953943e-48
3.536677864009728500e-01 4.440967784901924349e-48
3.620384360908910359e-01 5.680330883064466286e-48
3.706072032767349644e-01 7.271350702876276641e-48
3.793787770260972914e-01 9.315764931075751507e-48
3.883579573879599733e-01 1.129624189629227921e-47
3.975496580194141094e-01 1.343575091789173309e-47
4.069589088745497740e-01 1.598103737597268182e-47
4.165908589569868870e-01 1.900917117678493756e-47
4.264507791375529711e-01 2.261188222962247488e-47
4.365440650386500088e-01 2.689835340307138047e-47
4.468762399868894675e-01 3.199854645554414076e-47
4.574529580356096470e-01 3.806716284955091333e-47
4.682800070589311914e-01 4.528836108060495440e-47
4.793633119190426339e-01 5.388137700814828199e-47
4.907089377084494775e-01 6.330098569977456277e-47
5.023230930689616125e-01 7.326818553659890236e-47
5.142121335892346767e-01 8.488832068407721492e-47
5.263825652827249790e-01 9.845196044661814658e-47
5.388410481479601888e-01 1.143036434335604232e-46
5.515943998130767856e-01 1.328525903459910219e-46
5.646495992666147323e-01 1.545854948533129228e-46
5.780137906766146250e-01 1.800819678745920798e-46
5.916942873001044267e-01 2.100332183502577691e-46
6.056985754851178516e-01 2.452646963677560606e-46
6.200343187674313139e-01 2.850931000680615518e-46
6.347093620642640932e-01 3.211200818262975041e-46
6.497317359672348802e-01 3.616998416669588995e-46
6.651096611369252676e-01 4.074195007971911649e-46
6.808515528014529306e-01 4.589323646354291898e-46
6.969660253615190815e-01 5.169753377316828992e-46
7.134618971044478508e-01 5.823797888726843149e-46
7.303481950297974201e-01 6.560838835025020599e-46
7.476341597891870139e-01 7.391466003864021520e-46
7.653292507430359271e-01 8.327636877727698835e-46
7.834431511369903678e-01 9.382858613276160548e-46
8.019857734008635219e-01 1.035628940865556124e-45
8.209672645729934048e-01 1.139222270264567997e-45
8.403980118529837950e-01 1.253208119338265716e-45
8.602886482858689288e-01 1.378635699829789617e-45
8.806500585808113568e-01 1.516661682218961687e-45
9.014933850675170834e-01 1.668561561835290509e-45
9.228300337936278241e-01 1.835742311634207033e-45
9.446716807664283788e-01 2.019756486544415094e-45
9.670302783422812798e-01 2.222317969541619588e-45
9.899180617672890259e-01 2.445319579493084992e-45
1.013347555872760486e+00 2.666464238912422060e-45
1.037331581929147983e+00 2.887556510966371111e-45
1.061883264662200066e+00 3.127087857157150394e-45
1.087016039435180215e+00 3.386615524860668811e-45
1.112743659601066915e+00 3.667831784312769830e-45
1.139080204028774634e+00 3.972576261219188846e-45
1.166040084807498323e+00 4.302849504368119137e-45
1.193638055133413145e+00 4.660827929818754039e-45
1.221889217383031356e+00 5.048880302156162717e-45
1.250809031377641434e+00 5.469585935106925897e-45
1.280413322843355406e+00 5.924452130310675817e-45
1.310718292071382018e+00 6.416837775406195696e-45
1.341740522783281042e+00 6.950367278546916065e-45
1.373496991206031526e+00 7.528510617846687162e-45
1.406005075361899115e+00 8.155035019812642654e-45
1.439282564578172607e+00 8.834031077465098497e-45
1.473347669221974465e+00 9.569941255204284825e-45
1.508219030665485461e+00 1.036759101108759533e-44
1.543915731487016663e+00 1.109367889645555311e-44
1.580457305913531174e+00 1.184321348625567724e-44
1.617863750510311727e+00 1.264051591717302158e-44
1.656155535123640776e+00 1.349156987835532420e-44
1.695353614082468763e+00 1.440060913063164137e-44
1.735479437665201630e+00 1.537166548742221708e-44
1.776554963837895462e+00 1.640906065251847436e-44
1.818602670270259569e+00 1.751742817175343473e-44
1.861645566636069393e+00 1.870173717168400049e-44
1.905707207204691001e+00 1.996731804411541009e-44
1.950811703730640945e+00 2.131989025074667767e-44
1.996983738648200113e+00 2.276522549061816846e-44
2.044248578578335085e+00 2.429952763431995680e-44
2.092632088155292447e+00 2.593811728885275172e-44
2.142160744180441778e+00 2.768817118690658923e-44
2.192861650111126437e+00 2.955736877616658189e-44
2.244762550892418940e+00 3.155392831165696355e-44
2.297891848139933746e+00 3.365289293255232184e-44
2.352278615681974827e+00 3.560520764140630021e-44
2.407952615469549862e+00 3.767329995122751457e-44
2.464944313862927672e+00 3.986428412074302105e-44
2.523284898303686408e+00 4.218287309036183730e-44
2.583006294381345214e+00 4.462632399409498581e-44
2.644141183303929665e+00 4.721366413296887513e-44
2.706723019782046880e+00 4.995357598494840638e-44
2.770786050336221606e+00 5.285528445093072133e-44
2.836365332037556364e+00 5.592859235233680886e-44
2.903496751691923450e+00 5.918391838780503766e-44
2.972217045478232400e+00 6.263233773036487871e-44
3.042563819051483875e+00 6.628562546066026899e-44
3.114575568121626059e+00 7.015630304722085959e-44
3.188291699519486322e+00 7.424122629232577205e-44
3.263752552761272963e+00 7.853492725101174688e-44
3.340999422123492657e+00 8.307949881534368957e-44
3.420074579240312218e+00 8.788979336133496768e-44
3.501021296235784952e+00 9.274138780189527856e-44
3.583883869403554190e+00 9.745755071315688017e-44
3.668707643447010724e+00 1.024190659776945837e-43
3.755539036293187749e+00 1.076391208000703445e-43
3.844425564493926917e+00 1.131316430935379240e-43
3.935415869228270136e+00 1.189113454279692378e-43
4.028559742920251097e+00 1.249620724976388240e-43
4.123908156486706389e+00 1.312938352192429178e-43
4.221513287229966771e+00 1.379515095329154809e-43
4.321428547390736341e+00 1.449522229462635137e-43
4.423708613376755139e+00 1.523140272362718597e-43
4.528409455683235940e+00 1.600559499614995794e-43
4.635588369521496332e+00 1.681980489533111215e-43
4.745304006172469613e+00 1.767614699653633604e-43
4.857616405082336719e+00 1.857685076718205192e-43
4.972587026717759429e+00 1.952426702166161268e-43
5.090278786198776828e+00 2.051372135987008398e-43
5.210756087727685504e+00 2.155009888867515962e-43
5.334084859832830539e+00 2.257881588325819228e-43
5.460332591446520389e+00 2.362402854068364763e-43
5.589568368836835610e+00 2.471857567147165288e-43
5.721862913413578333e+00 2.586484563330599528e-43
5.857288620428968251e+00 2.706534611313602141e-43
5.995919598594360522e+00 2.832271031405702201e-43
6.137831710634571003e+00 2.963970347621753128e-43
6.283102614802086094e+00 3.101922975054886705e-43
6.431811807373811973e+00 3.245223870105526393e-43
6.584040666153632593e+00 3.394965453360640357e-43
6.739872495004632924e+00 3.551715112271488075e-43
6.899392569435260469e+00 3.715806606927368696e-43
7.062688183264479669e+00 3.887589927525196269e-43
7.229848696391351304e+00 4.067432102752775003e-43
7.400965583695274574e+00 4.255718049511546700e-43
7.576132485093577174e+00 4.452851466151166816e-43
7.755445256783865204e+00 4.659255771507166821e-43
7.939002023699230470e+00 4.875375092155914570e-43
8.126903233204904708e+00 5.083773788108581208e-43
8.319251710065890038e+00 5.299900861405583111e-43
8.516152712715483020e+00 5.525365139794308685e-43
8.717713990855665784e+00 5.760578017859408693e-43
8.924045844420687601e+00 6.005969440797801909e-43
9.135261183936297158e+00 6.261988763050540139e-43
9.351475592307499696e+00 6.529105647809397093e-43
9.572807388068728329e+00 6.807811009398096117e-43
9.799377690131061414e+00 7.098618000632030695e-43
1.003131048406183190e+01 7.401582211780687435e-43
1.026873268993297472e+01 7.714403353028438469e-43
1.051177423177526293e+01 8.040589773927148021e-43
1.076056810867628677e+01 8.380719758801697497e-43
1.101525046756127502e+01 8.735396975069216403e-43
1.127596067769652066e+01 9.105251605296002798e-43
1.154284140695603966e+01 9.490941530616622303e-43
1.181603869989345412e+01 9.893153567887858651e-43
1.209570205766159390e+01 1.030837770482822175e-42
1.238198451982374948e+01 1.072347750812479344e-42
1.267504274810108456e+01 1.115502372737469849e-42
1.297503711210234734e+01 1.160277365783425695e-42
1.328213177708254022e+01 1.206877617326317022e-42
1.359649479377877768e+01 1.255378904616240400e-42
1.391829819037223004e+01 1.305860216933775883e-42
1.424771806662676887e+01 1.358403894873742451e-42
1.458493469025569667e+01 1.413095775814384669e-42
1.493013259556916950e+01 1.470025345853340941e-42
1.528350068445654486e+01 1.529285898504835777e-42
1.564523232975873412e+01 1.590974700466137130e-42
1.601552548108724494e+01 1.654598796010587914e-42
1.639458277314762924e+01 1.720027881843140193e-42
1.678261163662685007e+01 1.788063212793860884e-42
1.717982441170520858e+01 1.858809448193950316e-42
1.758643846425465540e+01 1.932375487662042420e-42
1.800267630478752423e+01 2.008874644552110452e-42
1.842876571022043208e+01 2.086617722888032348e-42
1.886493984852021200e+01 2.165287912065335805e-42
1.931143740629978822e+01 2.246961907002726483e-42
1.976850271943419557e+01 2.331756073945058464e-42
2.023638590676801030e+01 2.419861548084646120e-42
2.071534300698721509e+01 2.511388704114403890e-42
2.120563611873077647e+01 2.606424970860655583e-42
2.170753354401824353e+01 2.705106987076595655e-42
2.222130993507218477e+01 2.807576804222841556e-42
2.274724644461536727e+01 2.913982104871258897e-42
2.328563087972541013e+01 3.024476430090888935e-42
2.383675785933089486e+01 3.139219416193006507e-42
2.440092897543489414e+01 3.258377041227201374e-42
2.497845295815457334e+01 3.382121881638333926e-42
2.556964584466687640e+01 3.509183155434979162e-42
2.617483115215292244e+01 3.640587035283258321e-42
2.679434005483547310e+01 3.776952652652333197e-42
2.742851156520673328e+01 3.918469096810954168e-42
2.807769271954549595e+01 4.061623565146782235e-42
2.874223876782488674e+01 4.208734605869734448e-42
2.942251336811511564e+01 4.361242325385820354e-42
3.011888878558724159e+01 4.519347542225516477e-42
3.083174609622713191e+01 4.683258664668668456e-42
3.156147539537065683e+01 4.853191982338671466e-42
3.230847601117482526e+01 5.027301754212403747e-42
3.307315672314118871e+01 5.207516949898239839e-42
3.385593598581146324e+01 5.394246243440985228e-42
3.465724215775731665e+01 5.587727244684329361e-42
3.547751373599016489e+01 5.788206315749715973e-42
3.631719959591902835e+01 5.995938896769233543e-42
3.717675923698745066e+01 6.211189843871222260e-42
3.805666303412446183e+01 6.434233779885202636e-42
3.895739249514678448e+01 6.665355458249418871e-42
3.987944052425342534e+01 6.904906698424776352e-42
4.082331169175634500e+01 7.153882503692301754e-42
4.178952251019543240e+01 7.411822395004624352e-42
4.277860171698869607e+01 7.671750822998608215e-42
4.379109056377178888e+01 7.940919319561350913e-42
4.482754311258615587e+01 8.219661313658093688e-42
4.588852653907704848e+01 8.508322460956182570e-42
4.697462144286802754e+01 8.807261099722423656e-42
4.808642216528092916e+01 9.116848724007198518e-42
4.922453711457608705e+01 9.437470474782345663e-42
5.038958909889039006e+01 9.767366882916712057e-42
5.158221566705491767e+01 1.010143315539151097e-41
5.280306945747960157e+01 1.044698222099581391e-41
5.405281855529495516e+01 1.080441086921272372e-41
5.533214685794708032e+01 1.117412967726427123e-41
5.664175444944503113e+01 1.155656349200195896e-41
5.798235798346644998e+01 1.195215192874136917e-41
5.935469107553027612e+01 1.236134988763914303e-41
6.075950470445178553e+01 1.278462808823403055e-41
6.219756762329869559e+01 1.322247362279448730e-41
6.366966678007444358e+01 1.367311204384929131e-41
6.517660774835813697e+01 1.413231216705823022e-41
6.671921516813648623e+01 1.460708460112995657e-41
6.829833319706992256e+01 1.509796299397433108e-41
6.991482597243906127e+01 1.560549948485925018e-41
7.156957808402486876e+01 1.613026535254148540e-41
7.326349505818042473e+01 1.667285168638020314e-41
7.499750385336024294e+01 1.723387008125668397e-41
7.677255336737799496e+01 1.781395335715565791e-41
7.858961495666926567e+01 1.841375630429270948e-41
8.044968296784517747e+01 1.903382609326143120e-41
8.235377528182625895e+01 1.967487024956981013e-41
8.430293387085552581e+01 2.033771834860810704e-41
8.629822536869419025e+01 2.102311989535602388e-41
8.834074165431353265e+01 2.173185044644271445e-41
9.043160044940168518e+01 2.246471252604876378e-41
9.257194593001150906e+01 2.322253657437884489e-41
9.476294935268585107e+01 2.400618192987784150e-41
9.700580969540149567e+01 2.480754555588769398e-41
9.930175431368368777e+01 2.562862125225039596e-41
1.016520396122485437e+02 2.646474158961157980e-41
1.040579517325429606e+02 2.732284041256174657e-41
1.065208072565572621e+02 2.820895574371337658e-41
1.090419539272948697e+02 2.912400902245837536e-41
1.116227713862951134e+02 3.006895222524703251e-41
1.142646719286112500e+02 3.104476888554422148e-41
1.169691012756579909e+02 3.205247514812482555e-41
1.197375393663498073e+02 3.309312085886940986e-41
1.225715011669649641e+02 3.416779069126925798e-41
1.254725375001775234e+02 3.527760531088495997e-41
1.284422358937099204e+02 3.642372257904594359e-41
1.314822214490727390e+02 3.760733879712643362e-41
1.345941577308651631e+02 3.882968999277493880e-41
1.377797476771243623e+02 4.009205324952434505e-41
1.410407345312196412e+02 4.139574808125344435e-41
1.443789027958042368e+02 4.274213785303029209e-41
1.477960792093444695e+02 4.411668967485276495e-41
1.512941337457625082e+02 4.553245398660746414e-41
1.548749806377370248e+02 4.699406167203814299e-41
1.585405794242250863e+02 4.850280854153298775e-41
1.622929360227767859e+02 5.004544642191995133e-41
1.661341038272281310e+02 5.163747220049944894e-41
1.700661848313758640e+02 5.328047795458958132e-41
1.740913307792465901e+02 5.497610744922572978e-41
1.782117443425916008e+02 5.672605782737826992e-41
1.824296803262489846e+02 5.853208135584144042e-41
1.867474469020361312e+02 6.039598722864299499e-41
1.911674068718459978e+02 6.231964342988114796e-41
1.956919789606369307e+02 6.430497865796055665e-41
2.003236391400268133e+02 6.635398431326599849e-41
2.050649219832133952e+02 6.846871655138588197e-41
2.099184220519637449e+02 7.065129840405150323e-41
2.148867953164296125e+02 7.290392197005077213e-41
2.199727606085685068e+02 7.522514258959455090e-41
2.251791011099649040e+02 7.758693818186692548e-41
2.305086658748632260e+02 8.002354520989478951e-41
2.359643713892504593e+02 8.253735533269117939e-41
2.415492031668377706e+02 8.513083739348319337e-41
2.472662173828177004e+02 8.780653993433955712e-41
2.531185425462866192e+02 9.054606558243206332e-41
2.591093812122529130e+02 9.332696786211998917e-41
2.652420117341635546e+02 9.619361766002239032e-41
2.715197900579113366e+02 9.914866972788014382e-41
2.779461515583001301e+02 1.021948613503895879e-40
2.845246129189782778e+02 1.053350149218366505e-40
2.912587740568665140e+02 1.085720406035194267e-40
2.981523200921307648e+02 1.119089390644854154e-40
3.052090233647835475e+02 1.153488043082225744e-40
3.124327454990128672e+02 1.188948265880076480e-40
3.198274395163712143e+02 1.225502954136891417e-40
3.273971519989772787e+02 1.263186026528088652e-40
3.351460253039188046e+02 1.301860283875014326e-40
3.430782998300668396e+02 1.341426374840588507e-40
3.511983163385377225e+02 1.382201196135532397e-40
3.595105183280795700e+02 1.424221871521019622e-40
3.680194544666775300e+02 1.467526671160974476e-40
3.767297810807129963e+02 1.512155047218491158e-40
3.856462647030325570e+02 1.558147670563797231e-40
3.947737846813281521e+02 1.605546468628259973e-40
4.041173358482532763e+02 1.654293740146969192e-40
4.136820312547317826e+02 1.704469725624340499e-40
4.234731049679629109e+02 1.756174647663445118e-40
4.334959149356476473e+02 1.809455317206955983e-40
4.437559459180084787e+02 1.864359985341477053e-40
4.542588124891997268e+02 1.920938387820382076e-40
4.650102621097602764e+02 1.979241790969759338e-40
4.760161782717848382e+02 2.039323039020571001e-40
4.872825837185316686e+02 2.101236602911862805e-40
4.988156437402371353e+02 2.165038630610645804e-40
5.106216695479326972e+02 2.230266536923105942e-40
5.227071217271171690e+02 2.297176302711245580e-40
5.350786137731656709e+02 2.366105777553693807e-40
5.477429157104193109e+02 2.437116312557348463e-40
5.607069577969331249e+02 2.510271134367188236e-40
5.739778343169017489e+02 2.585635402869473596e-40
5.875628074628516515e+02 2.663276270681795916e-40
6.014693113097135893e+02 2.743262944485014492e-40
6.157049558829570515e+02 2.825666748254962961e-40
6.302775313230047232e+02 2.910561188452996653e-40
6.451950121482159375e+02 2.997637828347055126e-40
6.604655616187634450e+02 3.087314429103066971e-40
6.760975362037991090e+02 3.179688111472654590e-40
6.920994901543422202e+02 3.274840434538997683e-40
7.084801801844050715e+02 3.372855437307770766e-40
7.252485702629128355e+02 3.473819714528469827e-40
7.424138365190319746e+02 3.577822494846206201e-40
7.599853722636062230e+02 3.684955721356696671e-40
7.779727931294355585e+02 3.793849370014644121e-40
7.963859423332214647e+02 3.905848086567861013e-40
8.152348960620436173e+02 4.021177667564643164e-40
8.345299689873319267e+02 4.139937920433986307e-40
8.542817199093439058e+02 4.262231665860898583e-40
8.745009575352290767e+02 4.388164829437147638e-40
8.951987463938567089e+02 4.517846536119769569e-40
9.163864128906323003e+02 4.651389207583975356e-40
9.380755515056250715e+02 4.788908662559953418e-40
9.602780311383838807e+02 4.930524220245588129e-40
9.830060016029324288e+02 5.076358806889851515e-40
1.006271900276488168e+03 5.225290445480796780e-40
1.030088458905531070e+03 5.375088286595307768e-40
1.054468710572980854e+03 5.529191028249049647e-40
1.079425996830258327e+03 5.687722689002516963e-40
1.104973974998144058e+03 5.850810869002835275e-40
1.131126625640459451e+03 6.018586853670748823e-40
1.157898260214611582e+03 6.190986917710071871e-40
1.185303528903214101e+03 6.367461227577827089e-40
1.213357428631089078e+03 6.550871076512682688e-40
1.242075311271992859e+03 6.741758606414689035e-40
1.271472892049581787e+03 6.938244091940845384e-40
1.301566258137236218e+03 7.140492757485332961e-40
1.332371877461388976e+03 7.348674735372009254e-40
1.363906607713250423e+03 7.562965212562886275e-40
1.396187705573797757e+03 7.783544581779620036e-40
1.429232836157102838e+03 8.010598597170204114e-40
1.463060082677189257e+03 8.244318534659478641e-40
1.497687956343662790e+03 8.484901357124818093e-40
1.533135406491549702e+03 8.725940719090275560e-40
1.569421830950917411e+03 8.973364407928481630e-40
1.606567086661899111e+03 9.227819735616826790e-40
1.644591500540951301e+03 9.489506989746750993e-40
1.683515880604332096e+03 9.758632175674797805e-40
1.723361527354798682e+03 1.003722104846238060e-39
1.764150245437858075e+03 1.032390195691959947e-39
1.805904355573866269e+03 1.061733859978997055e-39
1.848646706772534117e+03 1.091915427493479751e-39
1.892400688836564314e+03 1.122958935444262121e-39
1.937190245161189068e+03 1.154889113779926161e-39
1.983039885836650910e+03 1.187731405243812070e-39
2.029974701060828238e+03 1.221228956014397408e-39
2.078020374869277930e+03 1.255507676315337036e-39
2.127203199190240412e+03 1.290751326559539976e-39
2.177550088232339021e+03 1.326987146653375327e-39
2.229088593212769410e+03 1.364294844191495197e-39
2.281846917434081206e+03 1.402696189312832191e-39
2.335853931717836986e+03 1.442181850447091059e-39
2.391139190203492944e+03 1.482782541246247032e-39
2.447732946521279246e+03 1.524529848054397659e-39
2.505666170347812567e+03 1.567473780087621278e-39
2.564970564353548525e+03 1.611799757039964729e-39
2.625678581551395837e+03 1.657383843453255855e-39
2.687823443055889584e+03 1.704025068149153099e-39
2.751439156262695178e+03 1.752698436865200242e-39
2.816560533458430200e+03 1.802970781080917657e-39
2.883223210870902221e+03 1.854696861630150422e-39
2.951463668170222718e+03 1.907919055828751154e-39
3.021319248431533197e+03 1.962037510271935656e-39
3.092828178570156524e+03 2.016174447796967167e-39
3.166029590260408895e+03 2.071808830243771096e-39
3.240963541349582556e+03 2.128982177062150571e-39
3.317671037778662594e+03 2.187738913346950589e-39
3.396194056021964570e+03 2.248127341326898141e-39
3.476575566057807009e+03 2.310186804533838960e-39
3.558859554882857992e+03 2.373963654446067309e-39
3.643091050583082961e+03 2.439505531259751882e-39
3.729316146974347248e+03 2.506861399800754816e-39
3.817582028826206624e+03 2.576081586439224910e-39
3.907936997682772471e+03 2.647217817035359585e-39
4.000430498294636891e+03 2.720318234062947257e-39
4.095113145676389649e+03 2.794325612860721660e-39
4.192036752804618118e+03 2.870350926157421061e-39
4.291254358971341389e+03 2.948449315134405930e-39
4.392820258808646940e+03 3.030198819339892241e-39
4.496790032000192696e+03 3.114374005686865652e-39
4.603220573695931307e+03 3.200897959424747899e-39
4.712170125646773158e+03 3.289836504598903580e-39
4.823698308076058311e+03 3.381257317737509997e-39
4.937866152305378819e+03 3.475229980196760037e-39
5.054736134152663908e+03 3.572104130825987808e-39
5.174372208120665164e+03 3.671636624027642361e-39
5.296839842394596417e+03 3.773960279246731669e-39
5.422206054668215984e+03 3.876158713543087608e-39
5.550539448817734410e+03 3.981051669278085935e-39
5.681910252443733043e+03 4.088790639400801611e-39
5.816390355301732598e+03 4.199453040002627611e-39
5.954053348642180936e+03 4.313118398158160926e-39
6.094974565481707032e+03 4.430651331858436845e-39
6.239231121827409879e+03 4.551792037950653996e-39
6.386901958876840581e+03 4.672319661976496494e-39
6.538067886216899751e+03 4.792819630794947620e-39
6.692811626045046978e+03 4.916430289133727456e-39
6.851217858437150426e+03 5.043232011851605513e-39
7.013373267686856707e+03 5.174993425596118114e-39
7.179366589741605821e+03 5.329774788623620003e-39
7.349288660761367282e+03 5.483109972469813625e-39
7.523232466826794735e+03 5.625155922718971280e-39
7.701293194823752856e+03 5.770885406918198681e-39
7.883568284532181679e+03 5.920394036137303712e-39
8.070157481947960150e+03 6.070982564064559587e-39
8.261162893866558079e+03 6.221026852428159211e-39
8.456689043758833577e+03 6.382446975562116334e-39
8.656842928969126660e+03 6.550040241014916842e-39
8.861734079267131165e+03 6.722047260904768552e-39
9.071474616785728358e+03 6.910695817966307091e-39
9.286179317377294865e+03 7.129300842764181769e-39
9.505965673422169857e+03 7.300622183342449788e-39
9.730953958123869597e+03 7.472323279251926910e-39
9.961267291325873884e+03 7.648093002721663700e-39
1.019703170688616410e+04 7.844693119117391775e-39
1.043837622164659297e+04 8.049271023159421334e-39
1.068543290603432615e+04 8.259207783053734696e-39
1.093833695633459138e+04 8.474644356888115885e-39
1.119722676867379232e+04 8.695725424852869875e-39
1.146224401475363629e+04 8.922599487879191163e-39
1.173353371937797056e+04 9.155418968900642100e-39
1.201124433981431139e+04 9.394240302138479300e-39
1.229552784703372708e+04 9.636854990575802024e-39
1.258653980887370744e+04 9.885756347219219785e-39
1.288443947516915250e+04 1.013940346430376659e-38
1.318938986489821400e+04 1.039911736083157158e-38
1.350155785539098179e+04 1.066551413859541160e-38
1.382111427364931478e+04 1.093876647912745768e-38
1.414823398982803883e+04 1.121905154293589936e-38
1.448309601292895059e+04 1.150655108608132694e-38
1.482588358875930135e+04 1.180145157979706392e-38
1.517678430020918859e+04 1.210279918491708565e-38
1.553599016990204473e+04 1.241070196990197012e-38
1.590369776527466456e+04 1.272646764008065789e-38
1.628010830614455153e+04 1.304677163542541977e-38
1.666542777482290330e+04 1.337496783894877526e-38
1.705986702883376347e+04 1.370936874319019444e-38
1.746364191630130881e+04 1.404002582632184239e-38
1.787697339406785977e+04 1.437867748327299887e-38
1.830008764860748124e+04 1.472551742750810128e-38
1.873321621980177224e+04 1.508074407543032701e-38
1.917659612764462508e+04 1.544456066075620879e-38
1.963047000194642533e+04 1.581717535167667248e-38
2.009508621510770172e+04 1.620049331057885972e-38
2.057069901803530229e+04 1.659821770058837511e-38
2.105756867927578423e+04 1.700575230864790154e-38
2.155596162744149478e+04 1.742334011908906170e-38
2.206615059700756683e+04 1.785123015661869965e-38
2.258841477756007953e+04 1.828967763695837178e-38
2.312303996657621246e+04 1.873894412125287690e-38
2.367031872582045617e+04 1.919929767433890350e-38
2.423055054144278620e+04 1.967101302697448437e-38
2.480404198786571214e+04 2.015437174212409523e-38
2.539110689555013232e+04 2.063812042254373247e-38
2.599206652273246436e+04 2.112637327610642231e-38
2.660724973122566007e+04 2.162621914527319394e-38
2.723699316638190794e+04 2.213793415845271658e-38
2.788164144131415014e+04 2.266180103878450111e-38
2.854154732547781532e+04 2.319810926200446081e-38
2.921707193771638413e+04 2.374715521809513056e-38
2.990858494387550309e+04 2.430924237681485316e-38
3.061646475909422952e+04 2.488961786480511728e-38
3.134109875488466787e+04 2.548466198516455006e-38
3.208288347111226176e+04 2.609120181199790705e-38
3.284222483299321902e+04 2.670821917884349770e-38
3.361953837322856270e+04 2.733989911444808901e-38
3.441524945939458121e+04 2.798659148245534878e-38
3.522979352671633387e+04 2.864865452321135841e-38
3.606361631634968217e+04 2.932645505489775279e-38
3.691717411930298113e+04 3.002036867950623937e-38
3.779093402613271610e+04 3.073077999376891889e-38
3.868537418254814838e+04 3.145808280516880629e-38
3.960098405106575228e+04 3.220268035314580418e-38
4.053826467885715101e+04 3.294766889478990105e-38
4.149772897193585231e+04 3.369668980157146541e-38
4.247990197583338886e+04 3.446281859912893015e-38
4.348532116291933926e+04 3.524644758559942415e-38
4.451453672652093519e+04 3.604797808476509981e-38
4.556811188200382458e+04 3.686782065428358562e-38
4.664662317497983167e+04 3.770639529873589872e-38
4.775066079680800613e+04 3.856413168760042462e-38
4.888082890756439156e+04 3.944146937826589375e-38
5.003774596665492572e+04 4.033885804420635395e-38
5.122204507125333475e+04 4.124595750986719148e-38
5.243437430275008956e+04 4.216943756097324097e-38
5.367539708140027506e+04 4.311370339659572294e-38
5.494579252936525882e+04 4.407922488424569659e-38
5.624625584234784765e+04 4.506492498288699460e-38
5.757749867002241808e+04 4.607271103404563307e-38
5.894024950546901528e+04 4.710315005034726246e-38
6.033525408382573369e+04 4.815675336012722087e-38
6.176327579037534451e+04 4.923404387273048635e-38
6.322509607829060405e+04 5.033555634152646642e-38
6.472151489626799594e+04 5.145483202501931865e-38
6.625335112628087518e+04 5.259823404316729507e-38
6.782144303169536579e+04 5.376722013824501384e-38
6.942664871599101753e+04 5.496236585944333631e-38
7.106984659233839193e+04 5.615371197772043268e-38
7.275193586429204152e+04 5.735413222492054230e-38
7.447383701785933226e+04 5.858038007366583108e-38
7.623649232521538215e+04 5.983301430523115229e-38
7.804086636034164985e+04 6.111260584797764533e-38
7.988794652686706104e+04 6.241914870955240143e-38
8.177874359840227407e+04 6.373990038649063763e-38
8.371429227166426426e+04 6.508879952379800968e-38
8.569565173268974468e+04 6.646644950920100552e-38
8.772390623645244341e+04 6.787346672672697591e-38
8.980016570019703067e+04 6.931048083771671588e-38
9.192556631081613887e+04 7.077813506793705738e-38
9.410127114660451480e+04 7.227708650091315247e-38
9.632847081372725370e+04 7.380800637763564494e-38
9.860838409775197215e+04 7.537158040275953840e-38
1.009422586306033772e+05 7.695576415947481663e-38
1.033313715733014833e+05 7.853152959241996065e-38
1.057770303148590465e+05 8.013977481200761333e-38
1.082805731877224171e+05 8.178117274130047106e-38
1.108433702001436031e+05 8.345641030034557632e-38
1.134668237858862412e+05 8.516618869820058993e-38
1.161523695716778748e+05 8.691122373105966736e-38
1.189014771628229792e+05 8.869224608661891459e-38
1.217156509474134800e+05 9.051000165480406814e-38
1.245964309195710521e+05 9.236525184499974827e-38
1.275453935221738648e+05 9.425476682458570781e-38
1.305641525095315883e+05 9.617579238708247394e-38
1.336543598304757616e+05 9.813628787651966004e-38
1.368177065323513525e+05 1.001370691193743843e-37
1.400559236864064296e+05 1.021789688790274517e-37
1.433707833350817091e+05 1.042628372084977180e-37
1.467640994617205870e+05 1.063895418105523238e-37
1.502377289832329261e+05 1.085599684053227202e-37
1.537935727662508143e+05 1.107750211056036192e-37
1.574335766673345352e+05 1.130356227999821844e-37
1.611597325978018052e+05 1.153226588421649792e-37
1.649740796137542347e+05 1.176368396372185796e-37
1.688787050319078844e+05 1.199978897019832608e-37
1.728757455718300189e+05 1.223294635429083470e-37
1.769673885252104083e+05 1.246756443284944951e-37
1.811558729528101394e+05 1.270671967676346008e-37
1.854434909097370110e+05 1.295050040214472480e-37
1.898325886997205962e+05 1.319899665306945393e-37
1.943255681590770546e+05 1.345230023552576258e-37
1.989248879710597394e+05 1.371050475203160741e-37
2.036330650113176962e+05 1.397115321832800877e-37
2.084526757252028619e+05 1.423550558374549105e-37
2.133863575376693043e+05 1.450490037204658460e-37
2.184368102965482685e+05 1.477943434697578909e-37
2.236067977499789558e+05 1.505920613750889558e-37
2.288991490588067390e+05 1.534431627392841111e-37
2.343167603447813890e+05 1.563486722459700488e-37
2.398625962753941712e+05 1.593096343344561007e-37
2.455396916862246580e+05 1.623271135818690976e-37
2.513511532416901900e+05 1.654021950927073433e-37
2.573001611350974708e+05 1.684859930071092695e-37
2.633899708289311384e+05 1.716169668301744621e-37
2.696239148363365675e+05 1.748066231593098592e-37
2.760054045447621029e+05 1.780560685047571611e-37
2.825379320827633492e+05 1.813664303287234602e-37
2.892250722309969715e+05 1.847388574432654712e-37
2.960704843784354744e+05 1.881745204157347612e-37
3.030779145248905406e+05 1.916117288982352659e-37
3.102511973309267196e+05 1.950295700119534888e-37
3.175942582162922481e+05 1.985089051074526499e-37
3.251111155080216122e+05 2.019850527717153639e-37
3.328058826393739437e+05 2.055213343287063129e-37
3.406827704008160508e+05 2.091200541399177103e-37
3.487460892442880431e+05 2.127823215492425789e-37
3.570002516420003376e+05 2.165092657014885297e-37
3.654497745010591461e+05 2.203020358970155526e-37
3.740992816352484515e+05 2.241618019527539462e-37
3.829535062953036395e+05 2.280897545697094654e-37
3.920172937590831425e+05 2.320871057070660219e-37
4.012956039830368827e+05 2.361171728537792435e-37
4.107935143164299079e+05 2.399776256913610487e-37
4.205162222798139555e+05 2.439020473924834200e-37
4.304690484092525439e+05 2.478915076217487625e-37
4.406574391678638640e+05 2.519470940428341673e-37
4.510869699262817740e+05 2.560699126227199824e-37
4.617633480136512080e+05 2.602610879410647496e-37
4.726924158408343210e+05 2.645217635048391411e-37
4.838801540975458920e+05 2.688531020682977821e-37
4.953326850251500146e+05 2.732562859583627960e-37
5.070562757669179118e+05 2.776791007947352332e-37
5.190573417975899647e+05 2.821379874780687741e-37
5.313424504340933636e+05 2.866692540618053289e-37
5.439183244293681346e+05 2.912740838855933140e-37
5.567918456512412522e+05 2.959536797266028860e-37
5.699700588483721949e+05 3.007092641198155726e-37
5.834601755053427769e+05 3.055420796835908609e-37
5.972695777889776509e+05 3.104533894506137702e-37
6.114058225880685495e+05 3.154444772043020483e-37
6.258766456487203250e+05 3.205166478207804440e-37
6.406899658075630432e+05 3.256712276164824862e-37
6.558538893251556437e+05 3.309095647015123625e-37
6.713767143219659338e+05 3.362330293388317555e-37
6.872669353193223942e+05 3.416430143093835982e-37
7.035332478878614493e+05 3.471409352832391563e-37
7.201845534059820930e+05 3.527282311968926778e-37
7.372299639309224440e+05 3.584063646367586937e-37
7.546788071851398563e+05 3.641768222290292050e-37
7.725406316606955370e+05 3.700411150359602882e-37
7.908252118444502121e+05 3.760007789587064735e-37
8.095425535669443198e+05 3.820573751467951049e-37
8.287028994778619381e+05 3.882124904144036399e-37
8.483167346510881325e+05 3.944677376634610166e-37
8.683947923224435654e+05 4.008247563137761389e-37
8.889480597632038407e+05 4.072852127402597101e-37
9.099877842926346930e+05 4.138508007173684216e-37
9.315254794328500284e+05 4.205232418708883017e-37
9.535729312093169428e+05 4.273042861372008871e-37
9.761422046005094890e+05 4.341957122301011241e-37
9.992456501401944552e+05 4.411993281153630303e-37
1.022895910675980966e+06 4.480170654331895013e-37
1.047105928287849878e+06 4.549308397333355754e-37
1.071888951370414114e+06 4.619521448035971659e-37
1.097258541882801801e+06 4.690826620577456227e-37
1.123228582770149689e+06 4.763240992977676329e-37
1.149813285560731310e+06 4.836781911290495679e-37
1.177027198142892448e+06 4.911466993821080988e-37
1.204885212726074038e+06 4.987314135409770822e-37
1.233402573990236269e+06 5.064341511783562065e-37
1.262594887428164249e+06 5.142567583975954844e-37
1.292478127885244321e+06 5.222011102816644313e-37
1.323068648301323177e+06 5.302691113491808508e-37
1.354383188659509411e+06 5.384626960176624324e-37
1.386438885146750137e+06 5.467838290740435085e-37
1.419253279531219508e+06 5.552345061526363798e-37
1.452844328761680052e+06 5.638167542205973470e-37
1.487230414794014301e+06 5.725326320710942290e-37
1.522430354650334455e+06 5.813842308242024327e-37
1.558463410716196289e+06 5.903736744357203395e-37
1.595349301281504799e+06 5.995031202140095022e-37
1.633108211330899503e+06 6.087747593449593769e-37
1.671760803589562187e+06 6.181908174252757139e-37
1.711328229830408935e+06 6.276840998483366518e-37
1.751832142448949628e+06 6.371464425245382824e-37
1.793294706312073395e+06 6.467525801420142226e-37
1.835738610887266463e+06 6.565047114175675767e-37
1.879187082658942789e+06 6.664050688515388252e-37
1.923663897838610690e+06 6.761698403491285573e-37
1.969193395375864580e+06 6.851820299312475195e-37
2.015800490277358796e+06 6.943165043026044922e-37
2.063510687240979401e+06 7.035749441423559320e-37
2.112350094612712041e+06 7.129590534546799733e-37
2.162345438673879486e+06 7.224705598950273693e-37
2.213524078266492579e+06 7.321112151009581455e-37
2.265914019764756318e+06 7.418827950276179215e-37
2.319543932400966994e+06 7.517871002879948910e-37
2.374443163954078220e+06 7.618259564978961520e-37
2.430641756809651386e+06 7.720012146258300638e-37
2.488170464399871882e+06 7.823147513478389823e-37
2.547060768032666761e+06 7.927684694072318404e-37
2.607344894119181670e+06 8.033642979794912011e-37
2.669055831808953080e+06 8.141041930422602350e-37
2.732227351042472757e+06 8.249901377505736607e-37
2.796894021031069104e+06 8.360241428173521950e-37
2.863091229174125474e+06 8.472082468992502166e-37
2.930855200424030889e+06 8.585445169879931216e-37
3.000223017109515611e+06 8.700331152742403329e-37
3.071232639228115324e+06 8.810630201201393665e-37
3.143922925218917895e+06 8.922341531668237310e-37
3.218333653227024712e+06 9.035483341470781210e-37
3.294505542871207464e+06 9.150074063381198392e-37
3.372480277526860125e+06 9.266132368671661297e-37
3.452300527136281598e+06 9.383677170208690022e-37
3.534009971558832563e+06 9.502727625588300312e-37
3.617653324473811314e+06 9.623303140311411745e-37
3.703276357849001419e+06 9.745423371001584150e-37
3.790925926988340914e+06 9.869108228662947406e-37
3.880649996172493324e+06 9.994377881982236859e-37
3.972497664906212594e+06 1.012125276067259571e-36
4.066519194786931854e+06 1.024975355886128924e-36
4.162766037009365391e+06 1.037990123852155809e-36
4.261290860520963557e+06 1.051171703294858386e-36
4.362147580843886361e+06 1.064522245028185889e-36
4.465391389579049312e+06 1.078043927707152300e-36
4.571078784608474933e+06 1.091738958189306568e-36
4.679267601012558676e+06 1.105609571900729811e-36
4.790017042719004676e+06 1.119658033206966947e-36
4.903387714900833555e+06 1.133886635788580545e-36
5.019441657141271047e+06 1.148297703021781075e-36
5.138242377383512445e+06 1.162893588363920609e-36
5.259854886683993042e+06 1.177676675743934957e-36
5.384345734788313508e+06 1.192649379958023101e-36
5.511783046549079940e+06 1.207814147070334382e-36
5.642236559205680154e+06 1.223173454818951602e-36
5.775777660546520725e+06 1.238729813027075663e-36
5.912479427974315360e+06 1.254485764019672500e-36
6.052416668496155180e+06 1.270443883045430131e-36
6.195665959659945220e+06 1.286606778704268540e-36
6.342305691459731199e+06 1.302977093380392880e-36
6.492416109232958406e+06 1.319557503680974505e-36
6.646079357572911307e+06 1.336350720880566264e-36
6.803379525280480273e+06 1.353359491371237170e-36
6.964402691379971802e+06 1.370586597118669174e-36
7.129236972223901190e+06 1.388199918371439007e-36
7.297972569712667726e+06 1.406088324050285642e-36
7.470701820655643940e+06 1.424209432819378447e-36
7.647519247300324962e+06 1.442566290911248617e-36
7.828521609057635069e+06 1.461161984611652404e-36
8.013807955451325513e+06 1.479999640788025649e-36
8.203479680320572108e+06 1.499082427424765384e-36
8.397640577305603772e+06 1.518413554165749283e-36
8.596396896646421403e+06 1.537996272863941450e-36
8.799857403325825930e+06 1.557833878138248912e-36
9.008133436588743702e+06 1.577929707937845654e-36
9.221338970870111138e+06 1.597606966772571128e-36
9.439590678164789453e+06 1.616258984534167809e-36
9.663007991873843595e+06 1.635136997793943254e-36
9.891713172161754221e+06 1.654243824387822962e-36
1.012583137286054529e+07 1.672701151018879247e-36
1.036549070995745808e+07 1.690593622347880416e-36
1.061082233170371689e+07 1.708680955988852121e-36
1.086196049038226530e+07 1.726965302374757357e-36
1.111904261577445082e+07 1.745448835917317828e-36
1.138220939036557078e+07 1.764133755276746359e-36
1.165160482632996701e+07 1.783022283634425021e-36
1.192737634433862194e+07 1.802116668968783227e-36
1.220967485423199274e+07 1.821419184334201736e-36
1.249865483760178834e+07 1.840932128143109598e-36
1.279447443232772127e+07 1.860657824451353912e-36
1.309729551911512204e+07 1.880598623246604161e-36
1.340728381008024141e+07 1.900756900740279266e-36
1.372460893943268247e+07 1.921135059662597416e-36
1.404944455630412512e+07 1.941735529561043373e-36
1.438196841977362521e+07 1.962560767102220830e-36
1.472236249614248239e+07 1.983613256377046055e-36
1.507081305851144716e+07 2.004895509209606906e-36
1.542751078871417791e+07 2.026410065469238509e-36
1.579265088166388310e+07 2.048159493386358855e-36
1.616643315216927417e+07 2.070146389871797699e-36
1.654906214427904226e+07 2.092373380839770772e-36
1.694074724321366474e+07 2.114843121534454209e-36
1.734170278994700685e+07 2.137558296860388053e-36
1.775214819849986583e+07 2.160521621716488649e-36
1.817230807600901276e+07 2.183735841333997024e-36
1.860241234563865885e+07 2.207203731618080935e-36
1.904269637240104750e+07 2.230928099493435043e-36
1.949340109195425734e+07 2.254911783253828752e-36
1.995477314244912937e+07 2.279157652915525889e-36
2.042706499949675798e+07 2.303668610574759635e-36
2.091053511432968825e+07 2.328447590769279408e-36
2.140544805523383990e+07 2.353497560843907570e-36
2.191207465232790262e+07 2.378821521320480797e-36
2.243069214576857537e+07 2.404422506271652928e-36
2.296158433746435121e+07 2.430303583699213786e-36
2.350504174638009071e+07 2.456467855916582855e-36
2.406136176751651987e+07 2.482918459935680612e-36
2.463084883465330303e+07 2.509658567858108695e-36
2.521381458694398776e+07 2.536691387270999712e-36
2.581057803945301846e+07 2.564020161647031235e-36
2.642146575772991776e+07 2.591648170749246409e-36
2.704681203651537746e+07 2.619578731040364823e-36
2.768695908267599344e+07 2.647815196096767365e-36
2.834225720246979594e+07 2.676360957027112984e-36
2.901306499324334413e+07 2.705219442895861646e-36
2.969974953966664150e+07 2.734394121151437544e-36
3.040268661461136118e+07 2.763987890566997305e-36
3.112226088478454947e+07 2.793983132580012034e-36
3.185886612122933194e+07 2.824309403921151323e-36
3.261290541480661184e+07 2.854970404603214028e-36
3.338479139677796513e+07 2.885969876418286491e-36
3.417494646460936219e+07 2.917311603413567161e-36
3.498380301311796904e+07 2.948999412372568143e-36
3.581180367109102756e+07 2.981037173301716737e-36
3.665940154350507259e+07 3.013428799922958001e-36
3.752706045947667956e+07 3.046178250171462299e-36
3.841525522608309984e+07 3.079289526699533653e-36
3.932447188819037378e+07 3.112766677385878001e-36
4.025520799442962557e+07 3.146613795851139083e-36
4.120797286946999282e+07 3.180835021978849683e-36
4.218328789273573458e+07 3.215434542442926469e-36
4.318168678371854872e+07 3.250416591240784986e-36
4.420371589404422045e+07 3.284606552080805032e-36
4.524993450645194203e+07 3.317750213058986077e-36
4.632091514084831625e+07 3.351244612313619364e-36
4.741724386760666966e+07 3.385093595615253851e-36
4.853952062828166783e+07 3.419301052009242078e-36
4.968835956391284615e+07 3.453870914311915547e-36
5.086438935110020638e+07 3.488807159612246623e-36
5.206825354603419453e+07 3.524113809779607009e-36
5.330061093666625023e+07 3.559794931977052831e-36
5.456213590321677178e+07 3.595854639181020350e-36
5.585351878721421957e+07 3.632297090706589042e-36
5.717546626927015930e+07 3.669126492739317003e-36
5.852870175579313189e+07 3.706347098872776704e-36
5.991396577485743165e+07 3.743963210652791351e-36
6.133201638144140691e+07 3.781979178127711708e-36
6.278362957225473225e+07 3.820399400404969899e-36
6.426959971038610488e+07 3.859228326214646549e-36
6.579073996000161767e+07 3.898470454478881919e-36
6.734788273132921755e+07 3.938130334888534253e-36
6.894188013617749512e+07 3.978212568486001511e-36
7.057360445423576236e+07 4.018721808255343094e-36
7.224394861040817201e+07 4.059662759718722658e-36
7.395382666344773769e+07 4.101040181540308607e-36
7.570417430615571141e+07 4.142858886136871874e-36
7.749594937741684914e+07 4.185123740295397693e-36
7.933013238635636866e+07 4.227839665798256626e-36
8.120772704890276492e+07 4.271011640055416320e-36
8.312976083704714477e+07 4.314644696743994678e-36
8.509728554110541940e+07 4.358743926455170482e-36
8.711137784528826177e+07 4.403314477349002064e-36
8.917313991689050198e+07 4.448361555816308082e-36
9.128370000942884386e+07 4.493890427148859265e-36
9.344421308005453646e+07 4.539906416216760560e-36
9.565586142157593369e+07 4.586414908154255159e-36
9.791985530944339931e+07 4.633421349053087775e-36
1.002374336640449315e+08 1.789460383643868040e-36
1.026098647286794186e+08 1.803018900983901793e-36
1.050384467635722607e+08 1.816681380931609665e-36
1.075245087563205659e+08 1.830448625835859845e-36
