1.000000000000000056e-01 7.166272002008029211e-60
1.023668114574698557e-01 7.237086288967764006e-60
1.047896408796918227e-01 7.308600334914628776e-60
1.072698141062738836e-01 7.380821054592257924e-60
1.098086883569477784e-01 7.453755431073281142e-60
1.124076529742773639e-01 7.527410516433676353e-60
1.150681301839455162e-01 7.601793432435901974e-60
1.177915758730354590e-01 7.676911371216667563e-60
1.205794803867327597e-01 7.752771595982551907e-60
1.234333693438835755e-01 7.829381441712292381e-60
1.263548044718556806e-01 7.909324603546913405e-60
1.293453844611592018e-01 8.004106688703982160e-60
1.324067458402943265e-01 8.100024603292390677e-60
1.355405638713054473e-01 8.197091958623757197e-60
1.387485534665306997e-01 8.295322529121815235e-60
1.420324701270502255e-01 8.394730254278016890e-60
1.453941109033447254e-01 8.495329240628227734e-60
1.488353153786914906e-01 8.597133763755456797e-60
1.523579666758357598e-01 8.700158270315418074e-60
1.559639924874875183e-01 8.804417380086588372e-60
1.596553661312088424e-01 8.913711372116298498e-60
1.634341076292676886e-01 9.032765415069395816e-60
1.673022848140508223e-01 9.153409577395833457e-60
1.712620144596386229e-01 9.275665097178666300e-60
1.753154634401630219e-01 9.399553496162788372e-60
1.794648499155811761e-01 9.525096583542787882e-60
1.837124445455142197e-01 9.652316459803805394e-60
1.880605717318154235e-01 9.781235520611306146e-60
1.925116108905473022e-01 9.911876460752744558e-60
1.970679977540646111e-01 1.004426227813467818e-59
2.017322257039141919e-01 1.019146227832075114e-59
2.065068471352833612e-01 1.035576415214019046e-59
2.113944748537410212e-01 1.052271482207999347e-59
2.163977835050376053e-01 1.069235699076231979e-59
2.215195110387456479e-01 1.086473404924084715e-59
2.267624602065418105e-01 1.103989008809903888e-59
2.321295000959508192e-01 1.121786990872763033e-59
2.376235677003892266e-01 1.139871903478360030e-59
2.432476695263706690e-01 1.158248372383548466e-59
2.490048832387492250e-01 1.176921097919322163e-59
2.548983593449034024e-01 1.197501738489646630e-59
2.609313229187812389e-01 1.219417089500837700e-59
2.671070753657506236e-01 1.241733511002755066e-59
2.734289962292198450e-01 1.264458342943547668e-59
2.799005450400177675e-01 1.287599059598826710e-59
2.865252632095455776e-01 1.311163272030266170e-59
2.933067759677346342e-01 1.335158730588615491e-59
3.002487943468744591e-01 1.359593327463075756e-59
3.073551172123913933e-01 1.384475099276957990e-59
3.146296333416941371e-01 1.409812229730838007e-59
3.220763235522207668e-01 1.440760939321057646e-59
3.296992628798524061e-01 1.473846856012208540e-59
3.375026228088864322e-01 1.507692564181151457e-59
3.454906735547882968e-01 1.542315511828435618e-59
3.536677864009728500e-01 1.577733547633787205e-59
3.620384360908910359e-01 1.613964930157509707e-59
3.706072032767349644e-01 1.651028337253203262e-59
3.793787770260972914e-01 1.688942875696174319e-59
3.883579573879599733e-01 1.727728091033653716e-59
3.975496580194141094e-01 1.767403977660456298e-59
4.069589088745497740e-01 1.172939474165918340e-58
4.165908589569868870e-01 8.769315032225385410e-58
4.264507791375529711e-01 6.556253568761576164e-57
4.365440650386500088e-01 4.901689664465109119e-56
4.468762399868894675e-01 3.664678511094130824e-55
4.574529580356096470e-01 2.739844728856417751e-54
4.682800070589311914e-01 2.048405914875483786e-53
4.793633119190426339e-01 1.531461526963368824e-52
4.907089377084494775e-01 1.144975413094076398e-51
5.023230930689616125e-01 7.437151925891346162e-51
5.142121335892346767e-01 1.299989722159254219e-50
5.263825652827249790e-01 2.272339323654667854e-50
5.388410481479601888e-01 3.971974480883472238e-50
5.515943998130767856e-01 6.942880894837310883e-50
5.646495992666147323e-01 1.213592769840131880e-49
5.780137906766146250e-01 2.121320289540636004e-49
5.916942873001044267e-01 3.707998170926445561e-49
6.056985754851178516e-01 6.481458977876091785e-49
6.200343187674313139e-01 1.132937734739889149e-48
6.347093620642640932e-01 1.857642376115818040e-48
6.497317359672348802e-01 2.522909163708620670e-48
6.651096611369252676e-01 3.426424122405022831e-48
6.808515528014529306e-01 4.653509700420972804e-48
6.969660253615190815e-01 6.320044383972010815e-48
7.134618971044478508e-01 8.583405555545049927e-48
7.303481950297974201e-01 1.165733125511019461e-47
7.476341597891870139e-01 1.583210429846008408e-47
7.653292507430359271e-01 2.150196481784276881e-47
7.834431511369903678e-01 2.920233989822296188e-47
8.019857734008635219e-01 3.821977592738339226e-47
8.209672645729934048e-01 4.742945117061181965e-47
8.403980118529837950e-01 5.885834711902928098e-47
8.602886482858689288e-01 7.304122101523895718e-47
8.806500585808113568e-01 9.064168853753183132e-47
9.014933850675170834e-01 1.124832743310903907e-46
9.228300337936278241e-01 1.395879446685785026e-46
9.446716807664283788e-01 1.732239251806013276e-46
9.670302783422812798e-01 2.149650410443294725e-46
9.899180617672890259e-01 2.667643561535293086e-46
1.013347555872760486e+00 3.217334700504173404e-46
1.037331581929147983e+00 3.796599037106144659e-46
1.061883264662200066e+00 4.480156897041618570e-46
1.087016039435180215e+00 5.286785785366753003e-46
1.112743659601066915e+00 6.238643999010892713e-46
1.139080204028774634e+00 7.361879320724942241e-46
1.166040084807498323e+00 8.687347305201421958e-46
1.193638055133413145e+00 1.025145888886394231e-45
1.221889217383031356e+00 1.209718060738132002e-45
1.250809031377641434e+00 1.427521489712749197e-45
1.280413322843355406e+00 1.646294923730885996e-45
1.310718292071382018e+00 1.882006361362348923e-45
1.341740522783281042e+00 2.151466236791566475e-45
1.373496991206031526e+00 2.459506547418553258e-45
1.406005075361899115e+00 2.811651121151518211e-45
1.439282564578172607e+00 3.214214670568787440e-45
1.473347669221974465e+00 3.674416029350207468e-45
1.508219030665485461e+00 4.200507601552496058e-45
1.543915731487016663e+00 4.801923345033022661e-45
1.580457305913531174e+00 5.489447942684542208e-45
1.617863750510311727e+00 6.179107031518663433e-45
1.656155535123640776e+00 6.940783337378594424e-45
1.695353614082468763e+00 7.796348742739338301e-45
1.735479437665201630e+00 8.757376619303757436e-45
1.776554963837895462e+00 9.836866946691084202e-45
1.818602670270259569e+00 1.104942216526444818e-44
1.861645566636069393e+00 1.241144470570520173e-44
1.905707207204691001e+00 1.394135886734789112e-44
1.950811703730640945e+00 1.565986004665815015e-44
1.996983738648200113e+00 1.757755201791837406e-44
2.044248578578335085e+00 1.936293486315537885e-44
2.092632088155292447e+00 2.132966218120732532e-44
2.142160744180441778e+00 2.349615344883106442e-44
2.192861650111126437e+00 2.588269904140484003e-44
2.244762550892418940e+00 2.851165026338671203e-44
2.297891848139933746e+00 3.140762868050398687e-44
2.352278615681974827e+00 3.459775671417919424e-44
2.407952615469549862e+00 3.811191165783696481e-44
2.464944313862927672e+00 4.198300549409622530e-44
2.523284898303686408e+00 4.616302553469377273e-44
2.583006294381345214e+00 5.037496679801366472e-44
2.644141183303929665e+00 5.497120802868131964e-44
2.706723019782046880e+00 5.998681297893602099e-44
2.770786050336221606e+00 6.546004463813796981e-44
2.836365332037556364e+00 7.143265713302139759e-44
2.903496751691923450e+00 7.795021426109646112e-44
2.972217045478232400e+00 8.506243708722359179e-44
3.042563819051483875e+00 9.282358325510129412e-44
3.114575568121626059e+00 1.012928609073543834e-43
3.188291699519486322e+00 1.100911399522010055e-43
3.263752552761272963e+00 1.187639935260405252e-43
3.340999422123492657e+00 1.281200845442931240e-43
3.420074579240312218e+00 1.382132376681778999e-43
3.501021296235784952e+00 1.491015178039167046e-43
3.583883869403554190e+00 1.608475641443606005e-43
3.668707643447010724e+00 1.735189505260301966e-43
3.755539036293187749e+00 1.871885741746903962e-43
3.844425564493926917e+00 2.019350750758353116e-43
3.935415869228270136e+00 2.178432883826955277e-43
4.028559742920251097e+00 2.341718100429072089e-43
4.123908156486706389e+00 2.508563496467974523e-43
4.221513287229966771e+00 2.687296483149913316e-43
4.321428547390736341e+00 2.878764041060895331e-43
4.423708613376755139e+00 3.083873497423448314e-43
4.528409455683235940e+00 3.303596825742606059e-43
4.635588369521496332e+00 3.538975251797771579e-43
4.745304006172469613e+00 3.791124187807569476e-43
4.857616405082336719e+00 4.061238518149630116e-43
4.972587026717759429e+00 4.350598261683647436e-43
5.090278786198776828e+00 4.640620878420277216e-43
5.210756087727685504e+00 4.939222225238793709e-43
5.334084859832830539e+00 5.257037114093561027e-43
5.460332591446520389e+00 5.595301842816160667e-43
5.589568368836835610e+00 5.955332258980944742e-43
5.721862913413578333e+00 6.338528878543802638e-43
5.857288620428968251e+00 6.746382333839537289e-43
5.995919598594360522e+00 7.180479172132193717e-43
6.137831710634571003e+00 7.642508027273417954e-43
6.283102614802086094e+00 8.134266188476939786e-43
6.431811807373811973e+00 8.627704997568423581e-43
6.584040666153632593e+00 9.144128506740796261e-43
6.739872495004632924e+00 9.691463276891872389e-43
6.899392569435260469e+00 1.027155954535239909e-42
7.062688183264479669e+00 1.088637829803114493e-42
7.229848696391351304e+00 1.153799789842680766e-42
7.400965583695274574e+00 1.222862111343106939e-42
7.576132485093577174e+00 1.296058255966953546e-42
7.755445256783865204e+00 1.373635659555383567e-42
7.939002023699230470e+00 1.455856568572555766e-42
8.126903233204904708e+00 1.534005893758525395e-42
8.319251710065890038e+00 1.616127395938103053e-42
8.516152712715483020e+00 1.702645192256881887e-42
8.717713990855665784e+00 1.793794634013186680e-42
8.924045844420687601e+00 1.889823671806451539e-42
9.135261183936297158e+00 1.990993530028429132e-42
9.351475592307499696e+00 2.097579417462765463e-42
9.572807388068728329e+00 2.209871275925547714e-42
9.799377690131061414e+00 2.328174568983868425e-42
1.003131048406183190e+01 1.362251821119683322e-41
1.026873268993297472e+01 1.414316681049063377e-41
1.051177423177526293e+01 1.468443991450960442e-41
1.076056810867628677e+01 1.524718988936631038e-41
1.101525046756127502e+01 1.583230599291594878e-41
1.127596067769652066e+01 1.644071604672122322e-41
1.154284140695603966e+01 1.707338818703833947e-41
1.181603869989345412e+01 1.773133269869463454e-41
1.209570205766159390e+01 1.841560393592218371e-41
1.238198451982374948e+01 1.912730233441344091e-41
1.267504274810108456e+01 1.986127738313299427e-41
1.297503711210234734e+01 2.060820239088015682e-41
1.328213177708254022e+01 2.138381299357631566e-41
1.359649479377877768e+01 2.218923732224434957e-41
1.391829819037223004e+01 2.302564902645382670e-41
1.424771806662676887e+01 2.389426915995453716e-41
1.458493469025569667e+01 2.479636814646086558e-41
1.493013259556916950e+01 2.573326782907150832e-41
1.528350068445654486e+01 2.670634360697112306e-41
1.564523232975873412e+01 2.771702666322204749e-41
1.601552548108724494e+01 2.873762051579659525e-41
1.639458277314762924e+01 2.975912700171591245e-41
1.678261163662685007e+01 3.081763742028014596e-41
1.717982441170520858e+01 3.191452061218049205e-41
1.758643846425465540e+01 3.305119719459437466e-41
1.800267630478752423e+01 3.422914156457061300e-41
1.842876571022043208e+01 3.544988398166655806e-41
1.886493984852021200e+01 3.671501273303345542e-41
1.931143740629978822e+01 3.802617638428332802e-41
1.976850271943419557e+01 3.938508611961038048e-41
2.023638590676801030e+01 4.080939166970690005e-41
2.071534300698721509e+01 4.229741592556750283e-41
2.120563611873077647e+01 4.384127323891027154e-41
2.170753354401824353e+01 4.544312530191432139e-41
2.222130993507218477e+01 4.710522025156373309e-41
2.274724644461536727e+01 4.882989623645004989e-41
2.328563087972541013e+01 5.061958513500178537e-41
2.383675785933089486e+01 5.247681643172928701e-41
2.440092897543489414e+01 5.440422125836357473e-41
2.497845295815457334e+01 5.640453660708100833e-41
2.556964584466687640e+01 5.836496366528196396e-41
2.617483115215292244e+01 6.035707174238439158e-41
2.679434005483547310e+01 6.241827456087450237e-41
2.742851156520673328e+01 6.455101005915805730e-41
2.807769271954549595e+01 6.675780373327909834e-41
2.874223876782488674e+01 6.904127183764035462e-41
2.942251336811511564e+01 7.140412470473678033e-41
3.011888878558724159e+01 7.384917018840870172e-41
3.083174609622713191e+01 7.637931723527692343e-41
3.156147539537065683e+01 7.899757958920546499e-41
3.230847601117482526e+01 8.167026090949364183e-41
3.307315672314118871e+01 8.443098873619911607e-41
3.385593598581146324e+01 8.728612174286393906e-41
3.465724215775731665e+01 9.023892761492193061e-41
3.547751373599016489e+01 9.329278856340994723e-41
3.631719959591902835e+01 9.645120538940284265e-41
3.717675923698745066e+01 9.971780169447723827e-41
3.805666303412446183e+01 1.030963282425124386e-40
3.895739249514678448e+01 1.065906674783131122e-40
3.987944052425342534e+01 1.102018148312212878e-40
4.082331169175634500e+01 1.138981062089338479e-40
4.178952251019543240e+01 1.177210689246447664e-40
4.277860171698869607e+01 1.216751428194194203e-40
4.379109056377178888e+01 1.257649269035721923e-40
4.482754311258615587e+01 1.299951851878647792e-40
4.588852653907704848e+01 1.343708527326278716e-40
4.697462144286802754e+01 1.388970419230987445e-40
4.808642216528092916e+01 1.435790489795846330e-40
4.922453711457608705e+01 1.484223607113946195e-40
5.038958909889039006e+01 1.533892479555259157e-40
5.158221566705491767e+01 1.583749812732844435e-40
5.280306945747960157e+01 1.635243778332040248e-40
5.405281855529495516e+01 1.688428651292633415e-40
5.533214685794708032e+01 1.743360525116435931e-40
5.664175444944503113e+01 1.800097373428078494e-40
5.798235798346644998e+01 1.858699113640510593e-40
5.935469107553027612e+01 1.919227672797914972e-40
6.075950470445178553e+01 1.981747055671389461e-40
6.219756762329869559e+01 2.046323415184817669e-40
6.366966678007444358e+01 2.112147790247954660e-40
6.517660774835813697e+01 2.178674955336981930e-40
6.671921516813648623e+01 2.247315080045494316e-40
6.829833319706992256e+01 2.318135849720256035e-40
6.991482597243906127e+01 2.391207136683432294e-40
7.156957808402486876e+01 2.466601071503541367e-40
7.326349505818042473e+01 2.544392116608301330e-40
7.499750385336024294e+01 2.624657142317317037e-40
7.677255336737799496e+01 2.707475505374691580e-40
7.858961495666926567e+01 2.792929130064319818e-40
8.044968296784517747e+01 2.882992820239733708e-40
8.235377528182625895e+01 2.977648815006436457e-40
8.430293387085552581e+01 3.075472475407007644e-40
8.629822536869419025e+01 3.176571885331545922e-40
8.834074165431353265e+01 3.281058887403035797e-40
9.043160044940168518e+01 3.389049216059054595e-40
9.257194593001150906e+01 3.500662635423098998e-40
9.476294935268585107e+01 3.616023082140407666e-40
9.700580969540149567e+01 3.735258813359743781e-40
9.930175431368368777e+01 3.858502560048910076e-40
1.016520396122485437e+02 3.979294684848292817e-40
1.040579517325429606e+02 4.101004000596743223e-40
1.065208072565572621e+02 4.226471711936245821e-40
1.090419539272948697e+02 4.355815011800700452e-40
1.116227713862951134e+02 4.489154782906965843e-40
1.142646719286112500e+02 4.626615715029379466e-40
1.169691012756579909e+02 4.768326426035404987e-40
1.197375393663498073e+02 4.914419586804251864e-40
1.225715011669649641e+02 5.065032050154172997e-40
1.254725375001775234e+02 5.220304983908273611e-40
1.284422358937099204e+02 5.380384008232365188e-40
1.314822214490727390e+02 5.545419337383706631e-40
1.345941577308651631e+02 5.715565926012978084e-40
1.377797476771243623e+02 5.890983620167795345e-40
1.410407345312196412e+02 6.071837313148949667e-40
1.443789027958042368e+02 6.258297106377883986e-40
1.477960792093444695e+02 6.450538475436884863e-40
1.512941337457625082e+02 6.648742441450219815e-40
1.548749806377370248e+02 6.853095747979634901e-40
1.585405794242250863e+02 7.063730979413394604e-40
1.622929360227767859e+02 7.276474092534598603e-40
1.661341038272281310e+02 7.495661099107358948e-40
1.700661848313758640e+02 7.721488301736724343e-40
1.740913307792465901e+02 7.954158017185846554e-40
1.782117443425916008e+02 8.193878761666818080e-40
1.824296803262489846e+02 8.440865441871562418e-40
1.867474469020361312e+02 8.695339551921191798e-40
1.911674068718459978e+02 8.957529376418129814e-40
1.956919789606369307e+02 9.227670199791692826e-40
2.003236391400268133e+02 9.506004522132019775e-40
2.050649219832133952e+02 9.792782281715882795e-40
2.099184220519637449e+02 1.008826108443192900e-39
2.148867953164296125e+02 1.039270644032089078e-39
2.199727606085685068e+02 1.070639200745264449e-39
2.251791011099649040e+02 1.102959984336770884e-39
2.305086658748632260e+02 1.136262066432150162e-39
2.359643713892504593e+02 1.170575411257176999e-39
2.415492031668377706e+02 1.205930903196234827e-39
2.472662173828177004e+02 1.242360375206081019e-39
2.531185425462866192e+02 1.279935506138198031e-39
2.591093812122529130e+02 1.318736365328013695e-39
2.652420117341635546e+02 1.358720816857189701e-39
2.715197900579113366e+02 1.399925190824803558e-39
2.779461515583001301e+02 1.442386939344719215e-39
2.845246129189782778e+02 1.486144671405966954e-39
2.912587740568665140e+02 1.531238188822424183e-39
2.981523200921307648e+02 1.577708523306073548e-39
3.052090233647835475e+02 1.625597974699227722e-39
3.124327454990128672e+02 1.674950150402059458e-39
3.198274395163712143e+02 1.725810006032982219e-39
3.273971519989772787e+02 1.778223887360782302e-39
3.351460253039188046e+02 1.832239573548306814e-39
3.430782998300668396e+02 1.887764678898530496e-39
3.511983163385377225e+02 1.944052302974266255e-39
3.595105183280795700e+02 2.002034057257040706e-39
3.680194544666775300e+02 2.061761407454694627e-39
3.767297810807129963e+02 2.123287396967452904e-39
3.856462647030325570e+02 2.186666695673327487e-39
3.947737846813281521e+02 2.251955650234610923e-39
4.041173358482532763e+02 2.317662196795472649e-39
4.136820312547317826e+02 2.384399985202669901e-39
4.234731049679629109e+02 2.453066375195033296e-39
4.334959149356476473e+02 2.523717298642612239e-39
4.437559459180084787e+02 2.596410315244060832e-39
4.542588124891997268e+02 2.671204660067400683e-39
4.650102621097602764e+02 2.748161292483985145e-39
4.760161782717848382e+02 2.827342946536550602e-39
4.872825837185316686e+02 2.908814182783610390e-39
4.988156437402371353e+02 2.992641441663529486e-39
5.106216695479326972e+02 3.078893098422954477e-39
5.227071217271171690e+02 3.167639519655668448e-39
5.350786137731656709e+02 3.258953121499141722e-39
5.477429157104193109e+02 3.352908429537832748e-39
5.607069577969331249e+02 3.449582140462972740e-39
5.739778343169017489e+02 3.549053185540980686e-39
5.875628074628516515e+02 3.651402795943288032e-39
6.014693113097135893e+02 3.756714569992960443e-39
6.157049558829570515e+02 3.865074542383821239e-39
6.302775313230047232e+02 3.976571255430609120e-39
6.451950121482159375e+02 4.091773661357537638e-39
6.604655616187634450e+02 4.210350945714083466e-39
6.760975362037991090e+02 4.332378653655070078e-39
6.920994901543422202e+02 4.457957597214512732e-39
7.084801801844050715e+02 4.587191545727584923e-39
7.252485702629128355e+02 4.720187312923434933e-39
7.424138365190319746e+02 4.857054846592982792e-39
7.599853722636062230e+02 4.997907320907430984e-39
7.779727931294355585e+02 5.142861231466911649e-39
7.963859423332214647e+02 5.292036493159504113e-39
8.152348960620436173e+02 5.445556540914834417e-39
8.345299689873319267e+02 5.603548433437297210e-39
8.542817199093439058e+02 5.766142960008410892e-39
8.745009575352290767e+02 5.933474750448177045e-39
8.951987463938567089e+02 6.105682388330454552e-39
9.163864128906323003e+02 6.282908527548119003e-39
9.380755515056250715e+02 6.465300012328005048e-39
9.602780311383838807e+02 6.653008000797553054e-39
9.830060016029324288e+02 6.846188092209474234e-39
1.006271900276488168e+03 7.044061305236094715e-39
1.030088458905531070e+03 7.245021660929292143e-39
1.054468710572980854e+03 7.451727802481040774e-39
1.079425996830258327e+03 7.664344369247984633e-39
1.104973974998144058e+03 7.883040728315778892e-39
1.131126625640459451e+03 8.107991110546754892e-39
1.157898260214611582e+03 8.339374750551362987e-39
1.185303528903214101e+03 8.576318775586678136e-39
1.213357428631089078e+03 8.813579057802600908e-39
1.242075311271992859e+03 9.050990585519383694e-39
1.271472892049581787e+03 9.294799667382343264e-39
1.301566258137236218e+03 9.545178764458271805e-39
1.332371877461388976e+03 9.802304988696135014e-39
1.363906607713250423e+03 1.006636022839986264e-38
1.396187705573797757e+03 1.033753127708714561e-38
1.429232836157102838e+03 1.061600996582661197e-38
1.463060082677189257e+03 1.090199329914569635e-38
1.497687956343662790e+03 1.119568359460788141e-38
1.533135406491549702e+03 1.153520373911394326e-38
1.569421830950917411e+03 1.188794301864562333e-38
1.606567086661899111e+03 1.225163932571814076e-38
1.644591500540951301e+03 1.262663812905140509e-38
1.683515880604332096e+03 1.301329594094864383e-38
1.723361527354798682e+03 1.338740543237393487e-38
1.764150245437858075e+03 1.375429530652463820e-38
1.805904355573866269e+03 1.413124804250181750e-38
1.848646706772534117e+03 1.451853985563628988e-38
1.892400688836564314e+03 1.491645454892422865e-38
1.937190245161189068e+03 1.532528372161687568e-38
1.983039885836650910e+03 1.574532698355166815e-38
2.029974701060828238e+03 1.616325993708916197e-38
2.078020374869277930e+03 1.658429266426745344e-38
2.127203199190240412e+03 1.701630618917755680e-38
2.177550088232339021e+03 1.745958725988911519e-38
2.229088593212769410e+03 1.796281818775728370e-38
2.281846917434081206e+03 1.851976150960629670e-38
2.335853931717836986e+03 1.909428722896244999e-38
2.391139190203492944e+03 1.968695990112807556e-38
2.447732946521279246e+03 2.029836249047315993e-38
2.505666170347812567e+03 2.091649692874076903e-38
2.564970564353548525e+03 2.143286711045814278e-38
2.625678581551395837e+03 2.196208022140273467e-38
2.687823443055889584e+03 2.250445806546078463e-38
2.751439156262695178e+03 2.318037937645757048e-38
2.816560533458430200e+03 2.390672178126945803e-38
2.883223210870902221e+03 2.465627829472355354e-38
2.951463668170222718e+03 2.542980463430602839e-38
3.021319248431533197e+03 2.619718359515140553e-38
3.092828178570156524e+03 2.691472548031084455e-38
3.166029590260408895e+03 2.765193506420923973e-38
3.240963541349582556e+03 2.840935181746096226e-38
3.317671037778662594e+03 2.919564860442353598e-38
3.396194056021964570e+03 3.003198975115554247e-38
3.476575566057807009e+03 3.089238466140850779e-38
3.558859554882857992e+03 3.177752782634351857e-38
3.643091050583082961e+03 3.268813386389647117e-38
3.729316146974347248e+03 3.362493810415564977e-38
3.817582028826206624e+03 3.458869719182296379e-38
3.907936997682772471e+03 3.558018970625916872e-38
4.000430498294636891e+03 3.660035575813904668e-38
4.095113145676389649e+03 3.768097446292612117e-38
4.192036752804618118e+03 3.879391721744606664e-38
4.291254358971341389e+03 3.994016504405977200e-38
4.392820258808646940e+03 4.116253933832651011e-38
4.496790032000192696e+03 4.242695814919058469e-38
4.603220573695931307e+03 4.373075989293001025e-38
4.712170125646773158e+03 4.507518820021440894e-38
4.823698308076058311e+03 4.646152650478501612e-38
4.937866152305378819e+03 4.789109933410470524e-38
5.054736134152663908e+03 4.945210287732166261e-38
5.174372208120665164e+03 5.116856572262836409e-38
5.296839842394596417e+03 5.299658576598191395e-38
5.422206054668215984e+03 5.524169738741131065e-38
5.550539448817734410e+03 5.759869191916290889e-38
5.681910252443733043e+03 6.007040306552053996e-38
5.816390355301732598e+03 6.266316898614542144e-38
5.954053348642180936e+03 6.538371814567566764e-38
6.094974565481707032e+03 6.783784381482644371e-38
6.239231121827409879e+03 7.020278480778914555e-38
6.386901958876840581e+03 7.350864249869267578e-38
6.538067886216899751e+03 7.762140850233963827e-38
6.692811626045046978e+03 8.199264301503648353e-38
6.851217858437150426e+03 8.663956582354130522e-38
7.013373267686856707e+03 9.160930457778745630e-38
7.179366589741605821e+03 9.656425203055708864e-38
7.349288660761367282e+03 1.019378077674467542e-37
7.523232466826794735e+03 1.079448247640590112e-37
7.701293194823752856e+03 1.143515848963926934e-37
7.883568284532181679e+03 1.211866716018779691e-37
8.070157481947960150e+03 1.285415902203479830e-37
8.261162893866558079e+03 1.365049470554144538e-37
8.456689043758833577e+03 1.451703274701262379e-37
8.656842928969126660e+03 1.544868926368722123e-37
8.861734079267131165e+03 1.644648090824621768e-37
9.071474616785728358e+03 1.750824375333418563e-37
9.286179317377294865e+03 1.858310202745582920e-37
9.505965673422169857e+03 1.969692222156029668e-37
9.730953958123869597e+03 2.088241992908546204e-37
9.961267291325873884e+03 2.214388702003965046e-37
1.019703170688616410e+04 2.347187111731142755e-37
1.043837622164659297e+04 2.488121551741988881e-37
1.068543290603432615e+04 2.638009257121658531e-37
1.093833695633459138e+04 2.797433595553292728e-37
1.119722676867379232e+04 2.967016370357411769e-37
1.146224401475363629e+04 3.147420365967571620e-37
1.173353371937797056e+04 3.339352062450869811e-37
1.201124433981431139e+04 3.542961313143871775e-37
1.229552784703372708e+04 3.729938173428190266e-37
1.258653980887370744e+04 3.922318469713924086e-37
1.288443947516915250e+04 4.124970597243141862e-37
1.318938986489821400e+04 4.338453740048456731e-37
1.350155785539098179e+04 4.563357862000205541e-37
1.382111427364931478e+04 4.800305412487556229e-37
1.414823398982803883e+04 5.049953127044592647e-37
1.448309601292895059e+04 5.312993928225138452e-37
1.482588358875930135e+04 5.590158932324564406e-37
1.517678430020918859e+04 5.829935425294524792e-37
1.553599016990204473e+04 6.026701442918608199e-37
1.590369776527466456e+04 6.230730474761066843e-37
1.628010830614455153e+04 6.430112700772899042e-37
1.666542777482290330e+04 6.635389548565160457e-37
1.705986702883376347e+04 6.872663646659184823e-37
1.746364191630130881e+04 7.268762115961805951e-37
1.787697339406785977e+04 7.689246330385087576e-37
1.830008764860748124e+04 8.135688282705376148e-37
1.873321621980177224e+04 8.609764360645302920e-37
1.917659612764462508e+04 9.113262407960111974e-37
1.963047000194642533e+04 9.648089268411868891e-37
2.009508621510770172e+04 1.018274237219278189e-36
2.057069901803530229e+04 1.060984626797099189e-36
2.105756867927578423e+04 1.105354636783066934e-36
2.155596162744149478e+04 1.150634364792372344e-36
2.206615059700756683e+04 1.197794428159076419e-36
2.258841477756007953e+04 1.246913832477449244e-36
2.312303996657621246e+04 1.298074935890994308e-36
2.367031872582045617e+04 1.351363592532748728e-36
2.423055054144278620e+04 1.406869302144699766e-36
2.480404198786571214e+04 1.464685366144013567e-36
2.539110689555013232e+04 1.522047669473840030e-36
2.599206652273246436e+04 1.580173027753794043e-36
2.660724973122566007e+04 1.640538438675686459e-36
2.723699316638190794e+04 1.703231039845870212e-36
2.788164144131415014e+04 1.768165401866925607e-36
2.854154732547781532e+04 1.835288386821153483e-36
2.921707193771638413e+04 1.905105523553769028e-36
2.990858494387550309e+04 1.977731766169650886e-36
3.061646475909422952e+04 2.045419763612238120e-36
3.134109875488466787e+04 2.114380343684937222e-36
3.208288347111226176e+04 2.185850379010528899e-36
3.284222483299321902e+04 2.259931284880483079e-36
3.361953837322856270e+04 2.336729098996882946e-36
3.441524945939458121e+04 2.416354716979014407e-36
3.522979352671633387e+04 2.498924140921375020e-36
3.606361631634968217e+04 2.584558741766634063e-36
3.691717411930298113e+04 2.672039508824105629e-36
3.779093402613271610e+04 2.761449961719513539e-36
3.868537418254814838e+04 2.854194146964281154e-36
3.960098405106575228e+04 2.950413271820380880e-36
4.053826467885715101e+04 3.049635659715421541e-36
4.149772897193585231e+04 3.152116972392314727e-36
4.247990197583338886e+04 3.258466977713340961e-36
4.348532116291933926e+04 3.368852842407371862e-36
4.451453672652093519e+04 3.483449948234912233e-36
4.556811188200382458e+04 3.602442337866578277e-36
4.664662317497983167e+04 3.726023186575579743e-36
4.775066079680800613e+04 3.854395301295534068e-36
4.888082890756439156e+04 3.984500602573749310e-36
5.003774596665492572e+04 4.118005719583945204e-36
5.122204507125333475e+04 4.256460937705933345e-36
5.243437430275008956e+04 4.400070288522585681e-36
5.367539708140027506e+04 4.549047074175714525e-36
5.494579252936525882e+04 4.703614322794778088e-36
5.624625584234784765e+04 4.851612875439366586e-36
5.757749867002241808e+04 5.004386746622929882e-36
5.894024950546901528e+04 5.162687076253204478e-36
6.033525408382573369e+04 5.326745713013529728e-36
6.176327579037534451e+04 5.496805506890829244e-36
6.322509607829060405e+04 5.673120875844192988e-36
6.472151489626799594e+04 5.838803408359633771e-36
6.625335112628087518e+04 6.007462916736123613e-36
6.782144303169536579e+04 6.181413160155897323e-36
6.942664871599101753e+04 6.360833052267853169e-36
7.106984659233839193e+04 6.536658101317472307e-36
7.275193586429204152e+04 6.712714215783357323e-36
7.447383701785933226e+04 6.894063208688098717e-36
7.623649232521538215e+04 7.080882517716365504e-36
7.804086636034164985e+04 7.273356099745205668e-36
7.988794652686706104e+04 7.471674686799534458e-36
8.177874359840227407e+04 7.676036052498455377e-36
8.371429227166426426e+04 7.885877626309445422e-36
8.569565173268974468e+04 8.092027507646785417e-36
8.772390623645244341e+04 8.304131035189818240e-36
8.980016570019703067e+04 8.522375721983298446e-36
9.192556631081613887e+04 8.746955418372297258e-36
9.410127114660451480e+04 8.978070537902748371e-36
9.632847081372725370e+04 9.215928291583468217e-36
9.860838409775197215e+04 9.460742930825912235e-36
1.009422586306033772e+05 9.705679924985897667e-36
1.033313715733014833e+05 9.946934286047745425e-36
1.057770303148590465e+05 1.019503205072825056e-35
1.082805731877224171e+05 1.045019160550805780e-35
1.108433702001436031e+05 1.071076265689105628e-35
1.134668237858862412e+05 1.097329046146560338e-35
1.161523695716778748e+05 1.124317457180989038e-35
1.189014771628229792e+05 1.152064493612217831e-35
1.217156509474134800e+05 1.180593928212871114e-35
1.245964309195710521e+05 1.209930339419957053e-35
1.275453935221738648e+05 1.240099140064761039e-35
1.305641525095315883e+05 1.271126607159309495e-35
1.336543598304757616e+05 1.303039912778671224e-35
1.368177065323513525e+05 1.335867156080337325e-35
1.400559236864064296e+05 1.369637396503162466e-35
1.433707833350817091e+05 1.404380688190110866e-35
1.467640994617205870e+05 1.437937491498615849e-35
1.502377289832329261e+05 1.469613940491056780e-35
1.537935727662508143e+05 1.502034391489667704e-35
1.574335766673345352e+05 1.535217085867283429e-35
1.611597325978018052e+05 1.569180726645284767e-35
1.649740796137542347e+05 1.603944490474000680e-35
1.688787050319078844e+05 1.639528039930542650e-35
1.728757455718300189e+05 1.674253435700153057e-35
1.769673885252104083e+05 1.709091116423363703e-35
1.811558729528101394e+05 1.744716871960531416e-35
1.854434909097370110e+05 1.781149727994991910e-35
1.898325886997205962e+05 1.818409192856704912e-35
1.943255681590770546e+05 1.856052413647068987e-35
1.989248879710597394e+05 1.894272868595734488e-35
2.036330650113176962e+05 1.933348686947020075e-35
2.084526757252028619e+05 1.973300182211649040e-35
2.133863575376693043e+05 2.014148172057286333e-35
2.184368102965482685e+05 2.055913991239557312e-35
2.236067977499789558e+05 2.098619504872617999e-35
2.288991490588067390e+05 2.142287122048586078e-35
2.343167603447813890e+05 2.186939809815172344e-35
2.398625962753941712e+05 2.232601107520831199e-35
2.455396916862246580e+05 2.279295141537706176e-35
2.513511532416901900e+05 2.327046640372041876e-35
2.573001611350974708e+05 2.368714927715178792e-35
2.633899708289311384e+05 2.409609206853614933e-35
2.696239148363365675e+05 2.451229772910102851e-35
2.760054045447621029e+05 2.493589685075413888e-35
2.825379320827633492e+05 2.536702238594715701e-35
2.892250722309969715e+05 2.580580969044066367e-35
2.960704843784354744e+05 2.625239656684367333e-35
3.030779145248905406e+05 2.668374774822524155e-35
3.102511973309267196e+05 2.709202135372336600e-35
3.175942582162922481e+05 2.750678462112523515e-35
3.251111155080216122e+05 2.792814358186959508e-35
3.328058826393739437e+05 2.835679785090545927e-35
3.406827704008160508e+05 2.883850819072842645e-35
3.487460892442880431e+05 2.932903733323387330e-35
3.570002516420003376e+05 2.982855650302969425e-35
3.654497745010591461e+05 3.033724040051278771e-35
3.740992816352484515e+05 3.085526727474688236e-35
3.829535062953036395e+05 3.138281899790226842e-35
3.920172937590831425e+05 3.192008114129219036e-35
4.012956039830368827e+05 3.246724305304039588e-35
4.107935143164299079e+05 3.302449793741799219e-35
4.205162222798139555e+05 3.359204293588259677e-35
4.304690484092525439e+05 3.417007920985758094e-35
4.406574391678638640e+05 3.474234884340495444e-35
4.510869699262817740e+05 3.525814656813033848e-35
4.617633480136512080e+05 3.578183227558048920e-35
4.726924158408343210e+05 3.631352877946190412e-35
4.838801540975458920e+05 3.685336082935775544e-35
4.953326850251500146e+05 3.740145514153276482e-35
5.070562757669179118e+05 3.798092089245915043e-35
5.190573417975899647e+05 3.858521671303715058e-35
5.313424504340933636e+05 3.919935216129053781e-35
5.439183244293681346e+05 3.982348906841992302e-35
5.567918456512412522e+05 4.045779193910364601e-35
5.699700588483721949e+05 4.110242799575879110e-35
5.834601755053427769e+05 4.173929090633677966e-35
5.972695777889776509e+05 4.235710504703579043e-35
6.114058225880685495e+05 4.298428930014274172e-35
6.258766456487203250e+05 4.362098751654118088e-35
6.406899658075630432e+05 4.426734577070518181e-35
6.558538893251556437e+05 4.492351239522619965e-35
6.713767143219659338e+05 4.558963801588256093e-35
6.872669353193223942e+05 4.626587558724914073e-35
7.035332478878614493e+05 4.695238042887014334e-35
7.201845534059820930e+05 4.764931026198783933e-35
7.372299639309224440e+05 4.835682524684967290e-35
7.546788071851398563e+05 4.907508802059226938e-35
7.725406316606955370e+05 4.983455656193900216e-35
7.908252118444502121e+05 5.062868066596237369e-35
8.095425535669443198e+05 5.143581956559507498e-35
8.287028994778619381e+05 5.225618847361193102e-35
8.483167346510881325e+05 5.309000617267106217e-35
8.683947923224435654e+05 5.393749507461464306e-35
8.889480597632038407e+05 5.479888128075451115e-35
9.099877842926346930e+05 5.567439464315897160e-35
9.315254794328500284e+05 5.656426882695999950e-35
9.535729312093169428e+05 5.746874137369475935e-35
9.761422046005094890e+05 5.838805376570325140e-35
9.992456501401944552e+05 5.932245149159403760e-35
1.022895910675980966e+06 6.003513436315399169e-35
1.047105928287849878e+06 6.072429584533488376e-35
1.071888951370414114e+06 6.142157441975188361e-35
1.097258541882801801e+06 6.212706683198159397e-35
1.123228582770149689e+06 6.284087098875251972e-35
1.149813285560731310e+06 6.356308597195055818e-35
1.177027198142892448e+06 6.429381205280159735e-35
1.204885212726074038e+06 6.503315070622025330e-35
1.233402573990236269e+06 6.578120462533642114e-35
1.262594887428164249e+06 6.653807773619382390e-35
1.292478127885244321e+06 6.730387521263305685e-35
1.323068648301323177e+06 6.807870349134698247e-35
1.354383188659509411e+06 6.882184957658147778e-35
1.386438885146750137e+06 6.957120256248922169e-35
1.419253279531219508e+06 7.032884303293273055e-35
1.452844328761680052e+06 7.109486323718139019e-35
1.487230414794014301e+06 7.186935645406713046e-35
1.522430354650334455e+06 7.265241700348371733e-35
1.558463410716196289e+06 7.344414025802321145e-35
1.595349301281504799e+06 7.424462265473138601e-35
1.633108211330899503e+06 7.505396170700826509e-35
1.671760803589562187e+06 7.587225601662792070e-35
1.711328229830408935e+06 7.671745812370940949e-35
1.751832142448949628e+06 7.761649067864402039e-35
1.793294706312073395e+06 7.851816629103875553e-35
1.835738610887266463e+06 7.943052713757694453e-35
1.879187082658942789e+06 8.035370128766052582e-35
1.923663897838610690e+06 8.128781835740563256e-35
1.969193395375864580e+06 8.223300952842747803e-35
2.015800490277358796e+06 8.318940756686568273e-35
2.063510687240979401e+06 8.415714684263386803e-35
2.112350094612712041e+06 8.513636334890806655e-35
2.162345438673879486e+06 8.612719472184970511e-35
2.213524078266492579e+06 8.712978026057502729e-35
2.265914019764756318e+06 8.814426094736307629e-35
2.319543932400966994e+06 8.917094839262774194e-35
2.374443163954078220e+06 9.021022160199288365e-35
2.430641756809651386e+06 9.126191354495183007e-35
2.488170464399871882e+06 9.232617409724682637e-35
2.547060768032666761e+06 9.340315495377854199e-35
2.607344894119181670e+06 9.449300965078787950e-35
2.669055831808953080e+06 9.559589358830688815e-35
2.732227351042472757e+06 9.671196405288381752e-35
2.796894021031069104e+06 9.784138024059005160e-35
2.863091229174125474e+06 9.898430328030240187e-35
2.930855200424030889e+06 1.001408962572763040e-34
3.000223017109515611e+06 1.013110368678615922e-34
3.071232639228115324e+06 1.023782720058528618e-34
3.143922925218917895e+06 1.034326701849974237e-34
3.218333653227024712e+06 1.044980754553856775e-34
3.294505542871207464e+06 1.055746035958224216e-34
3.372480277526860125e+06 1.066623716088459879e-34
3.452300527136281598e+06 1.077614977337090683e-34
3.534009971558832563e+06 1.088721014594974784e-34
3.617653324473811314e+06 1.099943035383884171e-34
3.703276357849001419e+06 1.111282259990499985e-34
3.790925926988340914e+06 1.122739921601831883e-34
3.880649996172493324e+06 1.134317266442078774e-34
3.972497664906212594e+06 1.146015553910947601e-34
4.066519194786931854e+06 1.157184383356472806e-34
4.162766037009365391e+06 1.168190469332912037e-34
4.261290860520963557e+06 1.179305166393601329e-34
4.362147580843886361e+06 1.190529572131459176e-34
4.465391389579049312e+06 1.201864795433750809e-34
4.571078784608474933e+06 1.213311956599993468e-34
4.679267601012558676e+06 1.224872187461109114e-34
4.790017042719004676e+06 1.236546631499908379e-34
4.903387714900833555e+06 1.248336443972741135e-34
5.019441657141271047e+06 1.260242792032545236e-34
5.138242377383512445e+06 1.272266854853081109e-34
5.259854886683993042e+06 1.284409823754590826e-34
5.384345734788313508e+06 1.296672902330710597e-34
5.511783046549079940e+06 1.309057306576723701e-34
5.642236559205680154e+06 1.321564265019246881e-34
5.775777660546520725e+06 1.334195018847174647e-34
5.912479427974315360e+06 1.346950822044140425e-34
6.052416668496155180e+06 1.359832941522200763e-34
6.195665959659945220e+06 1.372842657257161686e-34
6.342305691459731199e+06 1.385981262425146282e-34
6.492416109232958406e+06 1.399250063540662456e-34
6.646079357572911307e+06 1.412650380596202501e-34
6.803379525280480273e+06 1.426183547203197438e-34
6.964402691379971802e+06 1.439850910734594687e-34
7.129236972223901190e+06 1.454518671877642175e-34
7.297972569712667726e+06 1.469587465921539090e-34
7.470701820655643940e+06 1.484820908811741629e-34
7.647519247300324962e+06 1.500220866770623424e-34
7.828521609057635069e+06 1.515789227749374424e-34
8.013807955451325513e+06 1.531527901685893612e-34
8.203479680320572108e+06 1.547438820766049185e-34
8.397640577305603772e+06 1.563523939687818489e-34
8.596396896646421403e+06 1.579785235928823419e-34
8.799857403325825930e+06 1.596224710016918560e-34
9.008133436588743702e+06 1.612844385804166242e-34
9.221338970870111138e+06 1.629646310744078151e-34
9.439590678164789453e+06 1.646632556172137592e-34
9.663007991873843595e+06 1.663805217589771333e-34
9.891713172161754221e+06 1.681166414951724625e-34
1.012583137286054529e+07 1.697501672713258903e-34
1.036549070995745808e+07 1.712931305577948205e-34
1.061082233170371689e+07 1.728504207955517527e-34
1.086196049038226530e+07 1.744221727093328559e-34
1.111904261577445082e+07 1.760085223027969597e-34
1.138220939036557078e+07 1.776096068707612575e-34
1.165160482632996701e+07 1.792255650115521732e-34
1.192737634433862194e+07 1.808565366394911498e-34
1.220967485423199274e+07 1.824524166646774344e-34
1.249865483760178834e+07 1.840117513865338811e-34
1.279447443232772127e+07 1.855850048122390542e-34
1.309729551911512204e+07 1.871723051124692825e-34
1.340728381008024141e+07 1.887737816660216336e-34
1.372460893943268247e+07 1.903895650714065492e-34
1.404944455630412512e+07 1.920197871585395662e-34
1.438196841977362521e+07 1.936645810005589135e-34
1.472236249614248239e+07 1.953240809257637469e-34
1.507081305851144716e+07 1.969984225296434082e-34
1.542751078871417791e+07 1.986877426870484040e-34
1.579265088166388310e+07 2.003921795644747321e-34
1.616643315216927417e+07 2.021118726324536211e-34
1.654906214427904226e+07 2.038469626780769184e-34
1.694074724321366474e+07 2.055975918176441423e-34
1.734170278994700685e+07 2.073639035094157607e-34
1.775214819849986583e+07 2.091460425665125096e-34
1.817230807600901276e+07 2.109441551699276088e-34
1.860241234563865885e+07 2.127583888816620965e-34
1.904269637240104750e+07 2.145888926579976501e-34
1.949340109195425734e+07 2.164358168628999672e-34
1.995477314244912937e+07 2.182993132815360269e-34
2.042706499949675798e+07 2.201795351339381184e-34
2.091053511432968825e+07 2.220766370888072380e-34
2.140544805523383990e+07 2.239907752774211305e-34
2.191207465232790262e+07 2.259221073077078277e-34
2.243069214576857537e+07 2.278707922784491482e-34
2.296158433746435121e+07 2.298369907936066729e-34
2.350504174638009071e+07 2.318208649768050511e-34
2.406136176751651987e+07 2.338225784859556585e-34
2.463084883465330303e+07 2.358422965280039716e-34
2.521381458694398776e+07 2.378801858738446215e-34
2.581057803945301846e+07 2.399364148733691019e-34
2.642146575772991776e+07 2.420111534706547702e-34
2.704681203651537746e+07 2.441045732193127604e-34
2.768695908267599344e+07 2.462168472979882654e-34
2.834225720246979594e+07 2.483481505259917627e-34
2.901306499324334413e+07 2.504986593791003141e-34
2.969974953966664150e+07 2.526685520055202143e-34
3.040268661461136118e+07 2.549584314731008396e-34
3.112226088478454947e+07 2.573467459939198725e-34
3.185886612122933194e+07 2.597587740432634826e-34
3.261290541480661184e+07 2.621947607923047017e-34
3.338479139677796513e+07 2.646549540182528998e-34
3.417494646460936219e+07 2.671396041325660779e-34
3.498380301311796904e+07 2.696489642094841498e-34
3.581180367109102756e+07 2.721832900148586218e-34
3.665940154350507259e+07 2.746965606456614468e-34
3.752706045947667956e+07 2.771209519548192051e-34
3.841525522608309984e+07 2.795691667255022698e-34
3.932447188819037378e+07 2.820414542945436911e-34
4.025520799442962557e+07 2.845380666972089224e-34
4.120797286946999282e+07 2.870592586968788175e-34
4.218328789273573458e+07 2.896052878150856051e-34
4.318168678371854872e+07 2.921764143618667715e-34
4.420371589404422045e+07 2.947729014664781636e-34
4.524993450645194203e+07 2.973950151084070829e-34
4.632091514084831625e+07 3.000430241487678198e-34
4.741724386760666966e+07 3.027172003620384039e-34
4.853952062828166783e+07 3.054178184681270666e-34
4.968835956391284615e+07 3.081451561648184925e-34
5.086438935110020638e+07 3.108994941605809163e-34
5.206825354603419453e+07 3.136811162077115267e-34
5.330061093666625023e+07 3.164903091358759854e-34
5.456213590321677178e+07 3.193273628860193119e-34
5.585351878721421957e+07 3.221925705446265355e-34
5.717546626927015930e+07 3.250862283784005562e-34
5.852870175579313189e+07 3.280086358692906293e-34
5.991396577485743165e+07 3.309600957499447286e-34
6.133201638144140691e+07 3.339409140395168110e-34
6.278362957225473225e+07 3.369514000799006535e-34
6.426959971038610488e+07 3.399918665723659307e-34
6.579073996000161767e+07 3.430626296145736542e-34
6.734788273132921755e+07 3.461640087380299881e-34
6.894188013617749512e+07 3.492963269459569727e-34
7.057360445423576236e+07 3.524599107515544982e-34
7.224394861040817201e+07 3.556550902167175474e-34
7.395382666344773769e+07 3.588821989911729111e-34
7.570417430615571141e+07 3.621415743520529555e-34
7.749594937741684914e+07 3.654335572438931825e-34
7.933013238635636866e+07 3.687584923190950222e-34
8.120772704890276492e+07 3.721167279788401727e-34
8.312976083704714477e+07 3.755086164144289481e-34
8.509728554110541940e+07 3.789345136491081047e-34
8.711137784528826177e+07 3.823947795803642001e-34
8.917313991689050198e+07 3.858897780226546002e-34
9.128370000942884386e+07 3.894198767506434044e-34
9.344421308005453646e+07 3.929854475429270207e-34
9.565586142157593369e+07 3.965868662261948247e-34
9.791985530944339931e+07 4.002245127199345489e-34
1.002374336640449315e+08 1.332018950582020742e-34
1.026098647286794186e+08 1.338874187893671428e-34
1.050384467635722607e+08 1.345765147223877954e-34
1.075245087563205659e+08 1.352692015749523722e-34
