2.000000000000000475e-03 1.685592066679700853e-50
2.046254320804053849e-03 1.855020645576400393e-50
2.093578372704629764e-03 2.041479596747037049e-50
2.141996895544386222e-03 2.246680768502509607e-50
2.191535201328284870e-03 2.472508081271561675e-50
2.242219187456092038e-03 2.721034824182518383e-50
2.294075350260891492e-03 2.994542690307542199e-50
2.347130798860710878e-03 3.295542725341879866e-50
2.401413269330502590e-03 3.626798382061670532e-50
2.456951139201864632e-03 3.991350892236297246e-50
2.513773442298128640e-03 4.392547188952592522e-50
2.571909883912512889e-03 4.834070635722796454e-50
2.631390856337315672e-03 5.319974844523079311e-50
2.692247454752255426e-03 5.854720893268775918e-50
2.754511493480262148e-03 6.443218284447917010e-50
2.818215522619206808e-03 7.090870020985801055e-50
2.883392845058303094e-03 7.803622213217248185e-50
2.950077533888022935e-03 8.588018672447915857e-50
3.018304450212666926e-03 9.451260992373761389e-50
3.088109261374889954e-03 1.040127467001928074e-49
3.159528459601691763e-03 1.144678187330622894e-49
3.232599381081668888e-03 1.259738152340206566e-49
3.307360225483437118e-03 1.386363742715456987e-49
3.383850075925476288e-03 1.525717526884597188e-49
3.462108919407815271e-03 1.679078935183975922e-49
3.542177667716251300e-03 1.847856007022490723e-49
3.624098178810002471e-03 2.033598318908796591e-49
3.707913278704034424e-03 2.238011212047263128e-49
3.793666783857427977e-03 2.462971450141698811e-49
3.881403524079543935e-03 2.710544451178791536e-49
3.971169365965923452e-03 2.983003251416260029e-49
4.063011236876233091e-03 3.282849375706373124e-49
4.156977149466707308e-03 3.612835805790296763e-49
4.253116226789983856e-03 3.975992257463625799e-49
4.351478727975419299e-03 4.375652998715327361e-49
4.452116074503313994e-03 4.815487464273578934e-49
4.555080877086799436e-03 5.299533947671619195e-49
4.660426963175390638e-03 5.832236680206389328e-49
4.768209405094678971e-03 6.418486637263096203e-49
4.878484548836756196e-03 7.063666446705995149e-49
4.991310043516518184e-03 7.773699811704529756e-49
5.106744871509172855e-03 8.555105901819318567e-49
5.224849379284792969e-03 9.415059211794511058e-49
5.345685308955942620e-03 1.036145543771181602e-48
5.469315830554924950e-03 1.140298397541911526e-48
5.595805575057513463e-03 1.254920770696006414e-48
5.725220668170430925e-03 1.381065080765104834e-48
5.857628764900207549e-03 1.519889538011414512e-48
5.993099084921581048e-03 1.672668780262275312e-48
6.131702448763802320e-03 1.840805576833531447e-48
6.273511314833863685e-03 2.025843709015566865e-48
6.418599817295963204e-03 2.229482145401808732e-48
6.567043804826987012e-03 2.453590642228763430e-48
6.718920880268357092e-03 2.700226911984523784e-48
6.874310441194851282e-03 2.971655517942962034e-48
7.033293721421691840e-03 3.194593163094403010e-48
7.195953833471579672e-03 3.388871726359156431e-48
7.362375812023864811e-03 3.594966154910495425e-48
7.532646658368543323e-03 3.813595145795875907e-48
7.706855385888423948e-03 4.045521115690244287e-48
7.885093066593089686e-03 4.291552860829135517e-48
8.067452878729106103e-03 4.552548378803656485e-48
8.254030155491266438e-03 4.829417862070246945e-48
8.444922434860479762e-03 5.123126873625814999e-48
8.640229510594173851e-03 5.434699715937358303e-48
8.840053484396011643e-03 5.765223004888519149e-48
9.044498819292133909e-03 6.115849461223797875e-48
9.253672394241845012e-03 6.487801932728308342e-48
9.467683560011293589e-03 6.882377661189746988e-48
9.686644196339307122e-03 7.300952809043051373e-48
9.910668770425408447e-03 7.744987261505409064e-48
1.013987439677039443e-02 8.216029720973969695e-48
1.037438089840091518e-02 8.715723111476386555e-48
1.061431086950996062e-02 9.245810312051451744e-48
1.085978973954609440e-02 9.808140239083634512e-48
1.111094583878486329e-02 1.040467429883826554e-47
1.136791046541667238e-02 1.103749323273342869e-47
1.163081795418624900e-02 1.170880437926178122e-47
1.189980574661948787e-02 1.242094937792933989e-47
1.217501446287452480e-02 1.317641234212310768e-47
1.245658797525442049e-02 1.397782852946208706e-47
1.274467348342008845e-02 1.482799353991941019e-47
1.303942159134260925e-02 1.572987307385438357e-47
1.334098638603524109e-02 1.668661328404724861e-47
1.364952551810634171e-02 1.770155175790778841e-47
1.396520028417514575e-02 1.877822916823049268e-47
1.428817571119369439e-02 1.992040163321180923e-47
1.461862064271881451e-02 2.113205382891687527e-47
1.495670782717936111e-02 2.241741290002320882e-47
1.530261400818479743e-02 2.378096321745354299e-47
1.565652001692239073e-02 2.522746203448015536e-47
1.601861086669129769e-02 2.676195609601461955e-47
1.638907584962291664e-02 2.838979925914180069e-47
1.676810863563813966e-02 3.011667118648855814e-47
1.715590737369315430e-02 3.194859717776957426e-47
1.755267479536687728e-02 3.389196920884367427e-47
1.795861832084394080e-02 3.595356825182382806e-47
1.837395016734887782e-02 3.814058795428108237e-47
1.879888746008801306e-02 4.046065976033029218e-47
1.923365234575711777e-02 4.292187956143016439e-47
1.967847210867427338e-02 4.553283597009506548e-47
2.013357928959839602e-02 4.830264031537631049e-47
2.059921180729586132e-02 5.124095846501748128e-47
2.107561308291852967e-02 5.435804458556524049e-47
2.156303216725824132e-02 5.766477695852049665e-47
2.206172387094448850e-02 6.117269597778670900e-47
2.257194889765305745e-02 6.489404446133402766e-47
2.309397398039543178e-02 6.884181041808695188e-47
2.362807202096027168e-02 7.302977241963838806e-47
2.417452223257967464e-02 7.726384914419029519e-47
2.473361028589490807e-02 8.116689747454056191e-47
2.530562845829803162e-02 8.526718337659477263e-47
2.589087578672718756e-02 8.957467916713190836e-47
2.648965822399577952e-02 9.409986171988345083e-47
2.710228879873701271e-02 9.885373801917057958e-47
2.772908777904745797e-02 1.038478720094977872e-46
2.837038283991538679e-02 1.090944128069529056e-46
2.902650923452101961e-02 1.146061243416173927e-46
2.969780996949869870e-02 1.203964165037177175e-46
3.038463598425222151e-02 1.264793778699545003e-46
3.108734633441722142e-02 1.328698100903429720e-46
3.180630837956664736e-02 1.395832640199931213e-46
3.254189797525722933e-02 1.466360776845635426e-46
3.329449966951739809e-02 1.540454161726481232e-46
3.406450690387955588e-02 1.618293135531121830e-46
3.485232221906154476e-02 1.700067169203952799e-46
3.565835746540491069e-02 1.785975326760554704e-46
3.648303401818015629e-02 1.876226751603556155e-46
3.732678299787121207e-02 1.971041177535054754e-46
3.819004549555462397e-02 2.070649465722615656e-46
3.907327280349104370e-02 2.175294168940650032e-46
3.997692665104952969e-02 2.285230124475531037e-46
4.090147944608843456e-02 2.400725077154711884e-46
4.184741452191832745e-02 2.522060334034172415e-46
4.281522638997684038e-02 2.649531452357132845e-46
4.380542099834694447e-02 2.783448962479430250e-46
4.481851599625403387e-02 2.924139127543664046e-46
4.585504100468020677e-02 3.071944741775373830e-46
4.691553789323698459e-02 3.227225969370387006e-46
4.800056106344124246e-02 3.390361226043230489e-46
4.911067773854273233e-02 3.561748105412508285e-46
5.024646826005428613e-02 3.741804352510536374e-46
5.140852639113991512e-02 3.930968886821720107e-46
5.259745962701966454e-02 4.129702877377327569e-46
5.381388951255287878e-02 4.338490872563891488e-46
5.505845196716663281e-02 4.557841987438671125e-46
5.633179761729861790e-02 4.788291151488857840e-46
5.763459213652839808e-02 5.030400419921854784e-46
5.896751659357531150e-02 5.284760351732447353e-46
6.033126780834410785e-02 5.551991457958735995e-46
6.172655871620531809e-02 5.832745723715466922e-46
6.315411874070016307e-02 6.127708207775059318e-46
6.461469417486498390e-02 6.437598723662973115e-46
6.610904857137499258e-02 6.763173606436278264e-46
6.763796314171059698e-02 7.105227569529205293e-46
6.920223716455531360e-02 7.464595656274719957e-46
7.080268840363909688e-02 7.842155290948359699e-46
7.244015353524481393e-02 8.238828434429842619e-46
7.411548858560187969e-02 8.655583849840395871e-46
7.582956937839571698e-02 9.093439483789533458e-46
7.758329199262649356e-02 9.553464969155335696e-46
7.937757323105724960e-02 1.003678425562749355e-45
8.121335109949558151e-02 1.054457837456356640e-45
8.309158529715975072e-02 1.107808834504672748e-45
8.501325771838590117e-02 1.157229982569656517e-45
8.697937296593785672e-02 1.208208898668453981e-45
8.899095887618881096e-02 1.261437501567186404e-45
9.104906705644864873e-02 1.317015331574072551e-45
9.315477343471803562e-02 1.375046350721461989e-45
9.530917882215722559e-02 1.435639140341393849e-45
9.751340948856276891e-02 1.498907107545775197e-45
9.976861775115328235e-02 1.564968701017641303e-45
1.020759825769727153e-01 1.633947636538392236e-45
1.044367101992249025e-01 1.705973132696392586e-45
1.068520347478623678e-01 1.781180157242331217e-45
1.093232188947591832e-01 1.859709684578813342e-45
1.118515545138041717e-01 1.941708964894279247e-45
1.144383633562609665e-01 2.027331805475322219e-45
1.170849977417467019e-01 2.116738864755896412e-45
1.197928412651910329e-01 2.210097959688996958e-45
1.225633095201457134e-01 2.307584387052864549e-45
1.253978508388213786e-01 2.409381259333028887e-45
1.282979470492402463e-01 2.515679855851677055e-45
1.312651142498988399e-01 2.626679989846708381e-45
1.343009036023466163e-01 2.742590392237120847e-45
1.374069021420952219e-01 2.863629112844888815e-45
1.405847336082811372e-01 2.990023939880594348e-45
1.438360592925160830e-01 3.122012838537919409e-45
1.471625789073695290e-01 3.259844409582464897e-45
1.505660314749362738e-01 3.403778368861417972e-45
1.540481962359537549e-01 3.554086048706069638e-45
1.576108935799456490e-01 3.711050922243877686e-45
1.612559859968758225e-01 3.874969151685994729e-45
1.649853790508125639e-01 4.046150161707084119e-45
1.688010223761099993e-01 4.224917239086443285e-45
1.727049106966284109e-01 4.411608159837216093e-45
1.766990848685271454e-01 4.606575845107357264e-45
1.807856329471729251e-01 4.810189047198604885e-45
1.849666912787241435e-01 5.022833067114014434e-45
1.892444456169594669e-01 5.244910505112898543e-45
1.936211322659355250e-01 5.476842045821789113e-45
1.980990392490718788e-01 5.719067279527270430e-45
2.026805075052726668e-01 5.972045561352497467e-45
2.073679321127113173e-01 6.236256910103186346e-45
2.121637635409185929e-01 6.512202948654752718e-45
2.170705089318271108e-01 6.800407887843882852e-45
2.220907334104433029e-01 7.101419555921421319e-45
2.272270614258304067e-01 7.415810475726802322e-45
2.324821781231068141e-01 7.744178991846538764e-45
2.378588307471724561e-01 8.087150450131638477e-45
2.433598300789008850e-01 8.445378432065278251e-45
2.489880519045458707e-01 8.819546046592041068e-45
2.547464385191304803e-01 9.210367282152223686e-45
2.606380002646074834e-01 9.618588421795921545e-45
2.666658171035905522e-01 1.004498952439555622e-44
2.728330402294828483e-01 1.049038597512485307e-44
2.791428937138427657e-01 1.095563010852636353e-44
2.855986761918490324e-01 1.144161290765912411e-44
2.922037625867444088e-01 1.190547523379373903e-44
2.989616058741638160e-01 1.235136473747708262e-44
3.058757388872631600e-01 1.281405374247762890e-44
3.129497761635973707e-01 1.329418085541785109e-44
3.201874158347116084e-01 1.379240927777630742e-44
3.275924415594314576e-01 1.430942777095570796e-44
3.351687245018680206e-01 1.484595166020278682e-44
3.429202253551654200e-01 1.540272387899551173e-44
3.508509964120535285e-01 1.598051605558854872e-44
3.589651836832863929e-01 1.658012964347629052e-44
3.672670290650728031e-01 1.720239709760868816e-44
3.757608725566365937e-01 1.784818309828159009e-44
3.844511545290594801e-01 1.851838582470107364e-44
3.933424180465974751e-01 1.921393828030844034e-44
4.024393112416826401e-01 1.993580967205270993e-44
4.117465897448502332e-01 2.068500684587994506e-44
4.212691191708669014e-01 2.146257578082267718e-44
4.310118776623521053e-01 2.226960314417023121e-44
4.409799584922280968e-01 2.310721791031484426e-44
4.511785727263569745e-01 2.397659304603529541e-44
4.616130519477574246e-01 2.487894726537369016e-44
4.722888510438223997e-01 2.581554685948376514e-44
4.832115510580017870e-01 2.678770762182112618e-44
4.943868621074323788e-01 2.779679699552948532e-44
5.058206263680457004e-01 2.884423622477750692e-44
5.175188211287137241e-01 2.993150089956347336e-44
5.294875619160253066e-01 3.106012611331742506e-44
5.417331056913353704e-01 3.223170694552498960e-44
5.542618541217469996e-01 3.344790152994612826e-44
5.670803569267454103e-01 3.471043387016649857e-44
5.801953153022288978e-01 3.602109696979524257e-44
5.936135854237286624e-01 3.738175643368067064e-44
6.073421820306454944e-01 3.879435480690834112e-44
6.213882820933852580e-01 4.026091710865321575e-44
6.357592285652988728e-01 4.178353194924288665e-44
6.504625342213974371e-01 4.336433201483251442e-44
6.655058855858452249e-01 4.500562076301359001e-44
6.808971469502819174e-01 4.670975970030406627e-44
6.966443644850836003e-01 4.847920812763617695e-44
7.127557704456981558e-01 5.031652852845777818e-44
7.292397874762660548e-01 5.222439266574754773e-44
7.461050330127703134e-01 5.420558858532073666e-44
7.633603237880162151e-01 5.626302878927922044e-44
7.810146804408047982e-01 5.839975993298080762e-44
7.990773322316969685e-01 6.061883613214307529e-44
8.175577218678431457e-01 6.292316164214751831e-44
8.364655104393973195e-01 6.531644299178434065e-44
8.558105824700924513e-01 6.780223115857687010e-44
8.756030510846303239e-01 7.038423483006464413e-44
8.958532632955686914e-01 7.306633043929906419e-44
9.165718054124843972e-01 7.585257344367588643e-44
9.377695085762343119e-01 7.874721109113114140e-44
9.594574544212077782e-01 8.175469697275115636e-44
9.816469808685273080e-01 8.487970772879670593e-44
1.004349688053239209e+00 8.806477289683827051e-44
1.027577444388572125e+00 9.109607399166625910e-44
1.051342392770451273e+00 9.423381019250163918e-44
1.075656956925505447e+00 9.748194576343452107e-44
1.100533847905877494e+00 1.008446255019834322e-43
1.125986070734256606e+00 1.043261881248837717e-43
1.152026931202575710e+00 1.079311813482138964e-43
1.178670042827952402e+00 1.116643789368448132e-43
1.205929333969498307e+00 1.155308000459123253e-43
1.233819055109721452e+00 1.195357312332324668e-43
1.262353786304321268e+00 1.236837513917255712e-43
1.291548444804287099e+00 1.279728697282950725e-43
1.321418292854264154e+00 1.324151373110758756e-43
1.351978945671277188e+00 1.370164672365624592e-43
1.383246379607981469e+00 1.417830530449393132e-43
1.415236940504698060e+00 1.467213882285313815e-43
1.447967352234623917e+00 1.518382877288160489e-43
1.481454725446652132e+00 1.571409116699610903e-43
1.515716566510397545e+00 1.626367916100608223e-43
1.550770786668094425e+00 1.683338596289516781e-43
1.586635711398144855e+00 1.742398124020326940e-43
1.623330089995233649e+00 1.803490312815889065e-43
1.660873105371990066e+00 1.866819042129143457e-43
1.699284384087340616e+00 1.932475353619691884e-43
1.738584006606789689e+00 2.000533013867678276e-43
1.778792517799983264e+00 2.067270276622291968e-43
1.819930937681068839e+00 2.136363239345347241e-43
1.862020772397430024e+00 2.207908766736684753e-43
1.905084025472571163e+00 2.282009182821493006e-43
1.949143209309014413e+00 2.358772719924932117e-43
1.994221356957227353e+00 2.438314014648910398e-43
2.040342034156724882e+00 2.520147731249105659e-43
2.087529351655665000e+00 2.604861057494928483e-43
2.135807977815344483e+00 2.692581669459589054e-43
2.185203151506208474e+00 2.783430134182468545e-43
2.235740695302109504e+00 2.877533052890702563e-43
2.287447028979700647e+00 2.975023458678566511e-43
2.340349183330053595e+00 3.076041246649636549e-43
2.394474814289680342e+00 3.180733639487731114e-43
2.449852217398371224e+00 3.289255691708417579e-43
2.506510342591404594e+00 3.401770836152798255e-43
2.564478809333857967e+00 3.517804857540584776e-43
2.623787922104920511e+00 3.637992004469970323e-43
2.684468686240341739e+00 3.762566950568671600e-43
2.746552824141240468e+00 3.891711957272675914e-43
2.810072791857794794e+00 4.025618549907810399e-43
2.875061796056464392e+00 4.164488106092222282e-43
2.941553811379601591e+00 4.308532488330351773e-43
3.009583598206571065e+00 4.457974724439918916e-43
3.079186720825603185e+00 4.607443245505605196e-43
3.150399566025928078e+00 4.761161563108952927e-43
3.223259362119888838e+00 4.918600145599897934e-43
3.297804198404969966e+00 5.081220308150102788e-43
3.374073045075959509e+00 5.249594567994618103e-43
3.452105773597586413e+00 5.423951841050112781e-43
3.531943177548340529e+00 5.604531783783591229e-43
3.613626993946349231e+00 5.791585392866642831e-43
3.697199925068440418e+00 5.985375643143024569e-43
3.782705660773859613e+00 6.186178166565779565e-43
3.870188901344231880e+00 6.394281974952663271e-43
3.959695380851763868e+00 6.609990229613366132e-43
4.051271891067886877e+00 6.832231470265155343e-43
4.144966305924841166e+00 7.062068573362443508e-43
4.240827606542961092e+00 7.300222782816420973e-43
4.338905906836823867e+00 7.547031282652320781e-43
4.439252479713540644e+00 7.802847060653514984e-43
4.541919783876971373e+00 8.068039763433477986e-43
4.646961491251837550e+00 8.342996603156251649e-43
4.754432515042060992e+00 8.628123319248586415e-43
4.864389038438051038e+00 8.923845198671216171e-43
4.976888543987868729e+00 9.230608158556719869e-43
5.091989843647685809e+00 9.545103964224983508e-43
5.209753109527217596e+00 9.869322792971725306e-43
5.330239905346216389e+00 1.019787928496520636e-42
5.453513218618443403e+00 1.053381549359160198e-42
5.579637493580005270e+00 1.088164130900439016e-42
5.708678664879193398e+00 1.124182287955427623e-42
5.840704192045482301e+00 1.161484698978865954e-42
5.975783094755715119e+00 1.200122208622135679e-42
6.113985988915850989e+00 1.240147935886601597e-42
6.255385123577252848e+00 1.281617388174289836e-42
6.400054418706676351e+00 1.324335391842770090e-42
6.548069503829806237e+00 1.368422509773890631e-42
6.699507757568505362e+00 1.414082363421736792e-42
6.854448348092414989e+00 1.461376496288795584e-42
7.012972274506156012e+00 1.510369126475914176e-42
7.175162409193626800e+00 1.561127274938244427e-42
7.341103541141641209e+00 1.613720900384791544e-42
7.510882420265518888e+00 1.668223041184681427e-42
7.684587802759763164e+00 1.724709964662920320e-42
7.862310497497646544e+00 1.783261324190595925e-42
8.044143413503814344e+00 1.842761007150485154e-42
8.230181608524825165e+00 1.903339145633967229e-42
8.420522338722989275e+00 1.965991614324318875e-42
8.615265109519494757e+00 2.030793041114163079e-42
8.814511727613338010e+00 2.097820890262855843e-42
9.018366354203397606e+00 2.167155576326894219e-42
9.226935559441301393e+00 2.238016418058472029e-42
9.440328378143666654e+00 2.310228267514146824e-42
9.658656366792810033e+00 2.384883143880334379e-42
9.882033661855684770e+00 2.462068624103934078e-42
1.011057703945165009e+01 2.542856707129847438e-42
1.034440597640009862e+01 2.627576485549073663e-42
1.058364271267998902e+01 2.715336072950913193e-42
1.082841231533388182e+01 2.806254836361784287e-42
1.107884274384990242e+01 2.900457287116829079e-42
1.133506491705574959e+01 2.998073321227717638e-42
1.159721278155988422e+01 3.099238471681201786e-42
1.186542338177545552e+01 3.204094173284262441e-42
1.213983693156373711e+01 3.312788040705026520e-42
1.242059688753447411e+01 3.425474160393122103e-42
1.270785002404139874e+01 3.540395892727688125e-42
1.300174650991230507e+01 3.656543936661208948e-42
1.330243998695353902e+01 3.776681764955047970e-42
1.361008765027014888e+01 3.900953835328516655e-42
1.392485033044360598e+01 4.029510129960428616e-42
1.424689257760999084e+01 4.162506377913836194e-42
1.457638274748282292e+01 4.300104286918550061e-42
1.491349308936519513e+01 4.442471784919870447e-42
1.525839983619746221e+01 4.589783271818623647e-42
1.561128329668747661e+01 4.742219881848213313e-42
1.597232794957145074e+01 4.898151350810276312e-42
1.634172254005496683e+01 5.055071923807162722e-42
1.671966017848423292e+01 5.217234968748419623e-42
1.710633844129942105e+01 5.384824031234397722e-42
1.750195947432271026e+01 5.558029399188593675e-42
1.790673009843516184e+01 5.737048361931564226e-42
1.832086191769747430e+01 5.922085479604143370e-42
1.874457142997144743e+01 6.113352863365156857e-42
1.917808014009964879e+01 6.311070466808789176e-42
1.962161467570265572e+01 6.515466389064579735e-42
2.007540690565441821e+01 6.726260759555971153e-42
2.053969406129744257e+01 6.942699934682442021e-42
2.101471886046162751e+01 7.166376349014575294e-42
2.150072963435102125e+01 7.397542296371689552e-42
2.199798045736526930e+01 7.636459241719836186e-42
2.250673127992340739e+01 7.883398167783914940e-42
2.302724806435951166e+01 8.138639935208014036e-42
2.355980292396121456e+01 8.402475656807917626e-42
2.410467426522385637e+01 8.675207086482651105e-42
2.466214693339429687e+01 8.957147023374137419e-42
2.523251236138126075e+01 9.247206577546664392e-42
2.581606872210905124e+01 9.541032936521312267e-42
2.641312108439501571e+01 9.844451593133987646e-42
2.702398157243197474e+01 1.015778477312669587e-41
2.764896952895902871e+01 1.048092440111631171e-41
2.828841168220601432e+01 1.080980926860372173e-41
2.894264231669896148e+01 1.114933633499340538e-41
2.961200344801574857e+01 1.149986133737087708e-41
3.029684500158338167e+01 1.186175229488525098e-41
3.099752499561040864e+01 1.223538994584007616e-41
3.171440972824972704e+01 1.262011012000976183e-41
3.244787396909055843e+01 1.300970827355435431e-41
3.319830115507846813e+01 1.341159665239516491e-41
3.396608359096676111e+01 1.382617180809448922e-41
3.475162265440369680e+01 1.425384337934866002e-41
3.555532900576280042e+01 1.469503453335639666e-41
3.637762280282591831e+01 1.515018242237277422e-41
3.721893392043129722e+01 1.561973865597989827e-41
3.807970217520155387e+01 1.610416978962670570e-41
3.896037755546885251e+01 1.660395783000755856e-41
3.986142045651778432e+01 1.712005769299860408e-41
4.078330192126830411e+01 1.766061286799636883e-41
4.172650388652576936e+01 1.821872843393426253e-41
4.269151943492524737e+01 1.879499182343608427e-41
4.367885305270300478e+01 1.939001068983395469e-41
4.468902089342942929e+01 2.000441362184933108e-41
4.572255104784129998e+01 2.063885088412670523e-41
4.677998381991458388e+01 2.129399518457708312e-41
4.786187200932197072e+01 2.197054246951642976e-41
4.896878120042283911e+01 2.266039882117504085e-41
5.010129005793687185e+01 2.337164138764955223e-41
5.125999062945525253e+01 2.408599062771699792e-41
5.244548865494905954e+01 2.482233384943746447e-41
5.365840388343474388e+01 2.558167943313020856e-41
5.489937039696367549e+01 2.636476192686123952e-41
5.616903694210454034e+01 2.717233984567843154e-41
5.746806726909196072e+01 2.800519646957711021e-41
5.879714047881871863e+01 2.886414066852456774e-41
6.015695137785286306e+01 2.975000775547426495e-41
6.154821084166539436e+01 3.066366036833420613e-41
6.297164618625836141e+01 3.160598938189003494e-41
6.442800154838776905e+01 3.256522721850312230e-41
6.591803827457937359e+01 3.355285466638151732e-41
6.744253531914250743e+01 3.457095217485743009e-41
6.900228965138768444e+01 3.562047617692225775e-41
7.059811667226243515e+01 3.670241363776350180e-41
7.223085064062286165e+01 3.781778304511283228e-41
7.390134510936337620e+01 3.896763543219343106e-41
7.561047337163317650e+01 4.015305543434855065e-41
7.735912891737210373e+01 4.137516238048099703e-41
7.914822590040525085e+01 4.263511142045997866e-41
8.097869961633993796e+01 4.393687616882358514e-41
8.285150699151458298e+01 4.527964036130283462e-41
8.476762708325698270e+01 4.665415410212259306e-41
8.672806159171067009e+01 4.806717051173207499e-41
8.873383538349902722e+01 4.952385377162111304e-41
9.078599702750024392e+01 5.102558077043565735e-41
9.288561934301317535e+01 5.257377266134755954e-41
9.503379996060064627e+01 5.416989631086523200e-41
9.723166189590358499e+01 5.581546579583255919e-41
9.948035413672579352e+01 5.751204395024634708e-41
1.017810522436962799e+02 5.922351528394784665e-41
1.041349589648235394e+02 6.097513586660815206e-41
1.065433048642614864e+02 6.277920997768323459e-41
1.090073489656193146e+02 6.463732791436309526e-41
1.115283794101469113e+02 6.655112877260049421e-41
1.141077141301434779e+02 6.852230196177134286e-41
1.167467015379399271e+02 7.055258876685331134e-41
1.194467212308154274e+02 7.264378395962284943e-41
1.222091847122166683e+02 7.479773746043403290e-41
1.250355361296570322e+02 7.701635605217641556e-41
1.279272530296810260e+02 7.930160514806286069e-41
1.308858471302891360e+02 8.165551061496338434e-41
1.339128651112267789e+02 8.408016065404213227e-41
1.370098894225490938e+02 8.657770774051003681e-41
1.401785391118883410e+02 8.915037062438429869e-41
1.434204706708507899e+02 9.180043639417477517e-41
1.467373789009897393e+02 9.451713451220650293e-41
1.501309977998059253e+02 9.730355313245648579e-41
1.536031014672383606e+02 1.001732857085158747e-40
1.571555050331199936e+02 1.031288583443341713e-40
1.607900656060824929e+02 1.061261840889902897e-40
1.645086832444067682e+02 1.091833052535990284e-40
1.683133019493263873e+02 1.123292625921791626e-40
1.722059106813036067e+02 1.155666599586592789e-40
1.761885443998071992e+02 1.188981781725069603e-40
1.802632851271411880e+02 1.223265773121241218e-40
1.844322630368728824e+02 1.258546990771029256e-40
1.886976575674354422e+02 1.294854692214304747e-40
1.930616985614842349e+02 1.332219000597726559e-40
1.975266674316034425e+02 1.370670930490643182e-40
2.020948983529719385e+02 1.410242414476800610e-40
2.067687794836124340e+02 1.450966330545201608e-40
2.115507542128612499e+02 1.492876530304542009e-40
2.164433224387123005e+02 1.536007868045921296e-40
2.214490418747000149e+02 1.580396230679678283e-40
2.265705293870113621e+02 1.626078568572762655e-40
2.318104623625168870e+02 1.673092927313896114e-40
2.371715801084428392e+02 1.721478480434713264e-40
2.426566852844129585e+02 1.771275563115717559e-40
2.482686453676097074e+02 1.822525706907065442e-40
2.540103941518203499e+02 1.875169783032446135e-40
2.598849332811515183e+02 1.929092417989306020e-40
2.658953338192147839e+02 1.984582853251797600e-40
2.720447378546022037e+02 2.041687167794406080e-40
2.783363601434935504e+02 2.100452809011183609e-40
2.847734897902483908e+02 2.160928633752861344e-40
2.913594919668724401e+02 2.223164950605445556e-40
2.980978096722433293e+02 2.287213563448797057e-40
3.049919655320261995e+02 2.353127816333811543e-40
3.120455636402147661e+02 2.420962639718588381e-40
3.192622914432628818e+02 2.490774598105001109e-40
3.266459216677898780e+02 2.562621939118692208e-40
3.342003142928687680e+02 2.636564644076161912e-40
3.419294185679277120e+02 2.712664480084776658e-40
3.498372750773206690e+02 2.790985053722218916e-40
3.579280178526418581e+02 2.871591866343885475e-40
3.662058765338994135e+02 2.954552371067948847e-40
3.746751785806637258e+02 3.039936031489203068e-40
3.833403515343567847e+02 3.127814382174729119e-40
3.922059253328612272e+02 3.218261090995953129e-40
4.012765346786596865e+02 3.310500791657013892e-40
4.105569214617424905e+02 3.403756326331417298e-40
4.200519372385505790e+02 3.499655581981348114e-40
4.297665457682486476e+02 3.598273972596165130e-40
4.397058256076559246e+02 3.699565518549224415e-40
4.498749727661907514e+02 3.803091637751604206e-40
4.602793034222119104e+02 3.909536447468456221e-40
4.709242567021905757e+02 4.018982834982461868e-40
4.818153975241473859e+02 4.131516058032438892e-40
4.929584195068546819e+02 4.247223813057869468e-40
5.043591479463192968e+02 4.366196305420690990e-40
5.160235428611034649e+02 4.488526321661457375e-40
5.279577021080743862e+02 4.614309303849773184e-40
5.401678645702132826e+02 4.743643426089365330e-40
5.526604134181488917e+02 4.876629673241330085e-40
5.654418794471208685e+02 5.013371921929599619e-40
5.785189444911192140e+02 5.153977023895448804e-40
5.918984449159764836e+02 5.298554891769770895e-40
6.055873751932585947e+02 5.447218587333075773e-40
6.195928915567955073e+02 5.600084412336506246e-40
6.339223157437851341e+02 5.756594664175879963e-40
6.485831388224158900e+02 5.914804884054404884e-40
6.635830251080119524e+02 6.077382735892171504e-40
6.789298161697471414e+02 6.244449322493293132e-40
6.946315349300234629e+02 6.416129118751893909e-40
7.106963898586562891e+02 6.592550065929522607e-40
7.271327792640587404e+02 6.773843668579025189e-40
7.439492956836717212e+02 6.960145094188908152e-40
7.611547303759228953e+02 7.151593275625088484e-40
7.787580779160883822e+02 7.347092869237245312e-40
7.967685408984278865e+02 7.547942127688832300e-40
8.151955347470747029e+02 7.754311064894696819e-40
8.340486926381863668e+02 7.966352153398990922e-40
8.533378705359303922e+02 8.184222098560434160e-40
8.730731523449388760e+02 8.408081956620970338e-40
8.932648551819235081e+02 8.638097256082504050e-40
9.139235347692091409e+02 8.874438122485738461e-40
9.350599909530059222e+02 9.117279406685297331e-40
9.566852733492938796e+02 9.366800816720800397e-40
9.788106871202998036e+02 9.623187053384827174e-40
1.001447798884549115e+03 9.886385419086271218e-40
1.024608442763608764e+03 1.015312554179120268e-39
1.048304726568673686e+03 1.042708796743823685e-39
1.072549038130230201e+03 1.070846892604879037e-39
1.097354051774107802e+03 1.099746999716280627e-39
1.122732734947301651e+03 1.129429825614832000e-39
1.148698354997034130e+03 1.159916642452487726e-39
1.175264486106594859e+03 1.191229302441209271e-39
1.202445016391590116e+03 1.223432592297234907e-39
1.230254155160296250e+03 1.256955434415037543e-39
1.258706440341948564e+03 1.291401614239249258e-39
1.287816746086801004e+03 1.326796692630223594e-39
1.317600290541966615e+03 1.363166941503202961e-39
1.348072643807087843e+03 1.400419124777988543e-39
1.379249736073998747e+03 1.438663893064477508e-39
1.411147865954635336e+03 1.477959067422038442e-39
1.443783709001545958e+03 1.518333657992296867e-39
1.477174326425458048e+03 1.559817480410718469e-39
1.511337174014458697e+03 1.602495577552235443e-39
1.546290111259437026e+03 1.646462275204070193e-39
1.582051410690601870e+03 1.691642744315111283e-39
1.618639767429896210e+03 1.738070694822425356e-39
1.656074308964346756e+03 1.785780778295005231e-39
1.694374605145441137e+03 1.834808614380779969e-39
1.733560678419760507e+03 1.881908021057611569e-39
1.773653014296220817e+03 1.929646894653162419e-39
1.814672572055387946e+03 1.978596894603538940e-39
1.856640795706471408e+03 2.028788750018378471e-39
1.899579625197721725e+03 2.080253969753812964e-39
1.943511507886095387e+03 2.133024862200447603e-39
1.988459410272162131e+03 2.187134555573359487e-39
2.034446830006446135e+03 2.248358328359476057e-39
2.081497808173400244e+03 2.313322522763150294e-39
2.129636941859493618e+03 2.380190960258244645e-39
2.178889397011960227e+03 2.449020216781323018e-39
2.229280921594931442e+03 2.515998433924094806e-39
2.280837859049835515e+03 2.581920826587110017e-39
2.333587162067096415e+03 2.649391613628091094e-39
2.387556406676332699e+03 2.718511842326238603e-39
2.442773806662423340e+03 2.789438556565046338e-39
2.499268228314979751e+03 2.862219052206802124e-39
2.557069205518909712e+03 2.938521661574708944e-39
2.616206955194028978e+03 3.016887435574456408e-39
2.676712393091699596e+03 3.097350797931713037e-39
2.738617149956824505e+03 3.179233976364812600e-39
2.801953588063617190e+03 3.262827920271457793e-39
2.866754818133799290e+03 3.348625014791565990e-39
2.933054716646062843e+03 3.436683458522607566e-39
3.000887943545857979e+03 3.527133950293941482e-39
3.070289960364751096e+03 3.625538545258934044e-39
3.141297048758839537e+03 3.726714435638319373e-39
3.213946329475905259e+03 3.830740367252271805e-39
3.288275781761200051e+03 3.937697342223469534e-39
3.364324263212091410e+03 4.039162862231801262e-39
3.442131530091828154e+03 4.141639266310977129e-39
3.521738258113135998e+03 4.246716350176070090e-39
3.603186063702472893e+03 4.354460134401525557e-39
3.686517525756067698e+03 4.464938316047901620e-39
3.771776207899111341e+03 4.578220311246132593e-39
3.859006681259742891e+03 4.694377298863663251e-39
3.948254547769729925e+03 4.813482265279922013e-39
4.039566464004040881e+03 4.941881542872259082e-39
4.132990165571710349e+03 5.082275687073208779e-39
4.228574492070886663e+03 5.226715024050366695e-39
4.326369412620929324e+03 5.369158871516850975e-39
4.426426051985036793e+03 5.498211538840984743e-39
4.528796717297004761e+03 5.630368201654396270e-39
4.633534925406104776e+03 5.765703569041426064e-39
4.740695430854365441e+03 5.904294149489748909e-39
4.850334254500889983e+03 6.046218294260431547e-39
4.962508712808177734e+03 6.191556241804300738e-39
5.077277447805748125e+03 6.361204297446987724e-39
5.194700457746755092e+03 6.546100700826034598e-39
5.314839128473547134e+03 6.734325195422692613e-39
5.437756265508723118e+03 6.912201764410815516e-39
5.563516126888269355e+03 7.094794241233459455e-39
5.692184456754077473e+03 7.282228104879177541e-39
5.823828519723353565e+03 7.474632184503227508e-39
5.958517136052893875e+03 7.672138749165897434e-39
6.096320717616614274e+03 7.848912949093608277e-39
6.237311304715133701e+03 8.018262218991290559e-39
6.381562603736655547e+03 8.211929669940888437e-39
6.529150025688863025e+03 8.425937153509148156e-39
6.680150725621866513e+03 8.645547141202322231e-39
6.834643642963039383e+03 8.870906930934938006e-39
6.992709542784538826e+03 9.102167708917340401e-39
7.154431058025300445e+03 9.338198232702274744e-39
7.319892732689493641e+03 9.579945610826111658e-39
7.489181066044034196e+03 9.825200733926029014e-39
7.662384557838257024e+03 1.007675251547387620e-38
7.839593754569395969e+03 1.033476305134458781e-38
8.020901296818050469e+03 1.059603356613819352e-38
8.206401967678386427e+03 1.083718290874701147e-38
8.396192742308410743e+03 1.110647492453368648e-38
8.590372838626110024e+03 1.140539022197706865e-38
8.789043769178231742e+03 1.171241604304653535e-38
8.992309394208450612e+03 1.202777412761923757e-38
9.200275975952961744e+03 1.234233206407008283e-38
9.413052234191740354e+03 1.264171298365064970e-38
9.630749403084550067e+03 1.292733815138036482e-38
9.853481289321409349e+03 1.321944242576135399e-38
1.008136433161791683e+04 1.353058449110148121e-38
1.031451766158651662e+04 1.387067339118190612e-38
1.055306316601556682e+04 1.421934009071183845e-38
1.079712555058875114e+04 1.457680162327202720e-38
1.104683240507803930e+04 1.494328052946774376e-38
1.130231427004458783e+04 1.531900499702475366e-38
1.156370470508202561e+04 1.570420900445950557e-38
1.183114035863812933e+04 1.609913246841116977e-38
1.210476103945124669e+04 1.650050334318932765e-38
1.238470978963884045e+04 1.690602797472546428e-38
1.267113295947637016e+04 1.732153883631102281e-38
1.296418028390558902e+04 1.774728228201275549e-38
1.326400496081226811e+04 1.818351075298977551e-38
1.357076373111425346e+04 1.863048292811261846e-38
1.388461696070176913e+04 1.908846387831292730e-38
1.420572872427262155e+04 1.955772522475771488e-38
1.453426689110655389e+04 2.003854530094348391e-38
1.487040321282304285e+04 2.053120931880551809e-38
1.521431341316881662e+04 2.104045009826850960e-38
1.556617727988188017e+04 2.156513843528860573e-38
1.592617875868009469e+04 2.210291596524674214e-38
1.629450604942344216e+04 2.264815123760784725e-38
1.667135170450025544e+04 2.320689807623480165e-38
1.705691272948883488e+04 2.377156464524236268e-38
1.745139068614713324e+04 2.430263600147465764e-38
1.785499179778409234e+04 2.484560285150560459e-38
1.826792705706832203e+04 2.540073233733674740e-38
1.869041233632966396e+04 2.596829761582568810e-38
1.912266850041198268e+04 2.654857799446376601e-38
1.956492152213579539e+04 2.714185907022237901e-38
2.001740260043129820e+04 2.774973177262668995e-38
2.048034828120342354e+04 2.840485419598064033e-38
2.095400058099218950e+04 2.907547462885726275e-38
2.143860711349295889e+04 2.976196035088861800e-38
2.193442121900274287e+04 3.046468735891557808e-38
2.244170209686028466e+04 3.118404057415711807e-38
2.296071494094887748e+04 3.192041405430443283e-38
2.349173107833341419e+04 3.267421121066853647e-38
2.403502811110331095e+04 3.344584503048776470e-38
2.459089006149602210e+04 3.423573830452775324e-38
2.515960752037684506e+04 3.503597423215513976e-38
2.574147779915264255e+04 3.582432645340503038e-38
2.633680508519885916e+04 3.662908757949861647e-38
2.694590060088116661e+04 3.745196958074641889e-38
2.756908276625481813e+04 3.829338132935650029e-38
2.820667736552680435e+04 3.915374093985216032e-38
2.885901771736756200e+04 4.003347597831691646e-38
2.952644484916205693e+04 4.093302367638965061e-38
3.020930767529022705e+04 4.186251960055169015e-38
3.090796317953084508e+04 4.283586655549284040e-38
3.162277660168379225e+04 4.383191317451952307e-38
3.235412162850839377e+04 4.485119017744491585e-38
3.310238058907759114e+04 4.589424071841422279e-38
3.386794465465013491e+04 4.696162067773673252e-38
3.465121404316519329e+04 4.805389896058353572e-38
3.545259822846644238e+04 4.917165780269851445e-38
3.627251615436487191e+04 5.031549308330081740e-38
3.711139645365197794e+04 5.148601464534184390e-38
3.796967767217879009e+04 5.268384662328615468e-38
3.884780849811653025e+04 5.390962777860318337e-38
3.974624799651969079e+04 5.516401184314296716e-38
4.066546584931394318e+04 5.635706808893387752e-38
4.160594260083416884e+04 5.754035967623430973e-38
4.256816990904117847e+04 5.874859229044341655e-38
4.355265080254830536e+04 5.998229352360248718e-38
4.455989994359230332e+04 6.124200216570209442e-38
4.559044389708602830e+04 6.252826844309785399e-38
4.664482140589364280e+04 6.384165426202488973e-38
4.772358367247163551e+04 6.518273345730515688e-38
4.882729464702443511e+04 6.655209204637377607e-38
4.995653132232320058e+04 6.795032848872319696e-38
5.111188403534344252e+04 6.937805395089667933e-38
5.229395677587862883e+04 7.083589257713417022e-38
5.350336750229103200e+04 7.232448176580810999e-38
5.474074846456510568e+04 7.384447245175490824e-38
5.600674653483210568e+04 7.544292657359408070e-38
5.730202354553883197e+04 7.708844537266676942e-38
5.862725663543722476e+04 7.876996827633881016e-38
5.998313860357589874e+04 8.048828509294179526e-38
6.137037827147780627e+04 8.224420299316678531e-38
6.278970085369532899e+04 8.403854689240135901e-38
6.424184833693402470e+04 8.585129535272092986e-38
6.572757986794497992e+04 8.768787949248281018e-38
6.724767215038796712e+04 8.956394180021258443e-38
6.880291985087290232e+04 9.148033400384392507e-38
7.039413601439184276e+04 9.342548879282014365e-38
7.202215248935877753e+04 9.537316674328601409e-38
7.368782036247941141e+04 9.736161110276393347e-38
7.539201040367837413e+04 9.939167783244419592e-38
7.713561352131550666e+04 1.014642409103494946e-37
7.891954122793172428e+04 1.035801927113018033e-37
8.074472611676447559e+04 1.057404443949094007e-37
8.261212234928460384e+04 1.079459263017572770e-37
8.452270615400838142e+04 1.101975883579597446e-37
8.647747633684551693e+04 1.124964004882577526e-37
8.847745480325022072e+04 1.148433530378475386e-37
9.052368709244806087e+04 1.172394572031126774e-37
9.261724292401800631e+04 1.196857454714649326e-37
9.475921675711525313e+04 1.221832720704679128e-37
9.695072836262767669e+04 1.247331134264538654e-37
9.919292340856351075e+04 1.273363686328233132e-37
1.014869740589793073e+05 1.298844946411417388e-37
1.038340795867576671e+05 1.324039524493246126e-37
1.062354670005574299e+05 1.349725074051550360e-37
1.086923916862635524e+05 1.375911198743674714e-37
1.112061380632716900e+05 1.402607690659693136e-37
1.137780202559509198e+05 1.429824534029110079e-37
1.164093827806353511e+05 1.457571909000546967e-37
1.191016012485040555e+05 1.485860195496139096e-37
1.218560830847166944e+05 1.514699977141747614e-37
1.246742682641796418e+05 1.544102045274645330e-37
1.275576300643306458e+05 1.574077403030416594e-37
1.305076758353308251e+05 1.604637269510215727e-37
1.335259477880702470e+05 1.635793084030289389e-37
1.366140238003976119e+05 1.667556510455350883e-37
1.397735182419957127e+05 1.699939441617269527e-37
1.430060828183339618e+05 1.732954003821035822e-37
1.463134074341391097e+05 1.766612561439439847e-37
1.496972210768355581e+05 1.800927721598507563e-37
1.531592927204172011e+05 1.835912338955257541e-37
1.567014322502235882e+05 1.871579520569714823e-37
1.603254914091018436e+05 1.907680564961773248e-37
1.640333647654539382e+05 1.943847296554897356e-37
1.678269907036687655e+05 1.980703412534823575e-37
1.717083524374619592e+05 2.017631650515971794e-37
1.756794790466509003e+05 2.054426027300402657e-37
1.797424465379073226e+05 2.091895004572055161e-37
1.838993789300422359e+05 2.130051003720374004e-37
1.881524493643904279e+05 2.168906675641910576e-37
1.925038812408749072e+05 2.208474904992768453e-37
1.969559493803453515e+05 2.248768814520257109e-37
2.015109812137984845e+05 2.289801769474964527e-37
2.061713579990998260e+05 2.331587382104694088e-37
2.109395160658487002e+05 2.374139516232053977e-37
2.158179480890295235e+05 2.417472291916910216e-37
2.208092043921207951e+05 2.461600090205567155e-37
2.259158942803413083e+05 2.506537557968035180e-37
2.311406874047300953e+05 2.552299612825397744e-37
2.364863151577740209e+05 2.598901448168510110e-37
2.419555721013121365e+05 2.646358538270031446e-37
2.475513174274633639e+05 2.694686643491471628e-37
2.532764764533413691e+05 2.743714642581476055e-37
2.591340421503379475e+05 2.792597222270210313e-37
2.651270767087744316e+05 2.842355509349700524e-37
2.712587131387387053e+05 2.893005251965652275e-37
2.775321569079456967e+05 2.944562482220486458e-37
2.839506876174762147e+05 2.997043521302652044e-37
2.905176607162725995e+05 3.050464984708960260e-37
2.972365092552794376e+05 3.104843787561150434e-37
3.041107456821648520e+05 3.159059580041251713e-37
3.111439636775362305e+05 3.213440380353599944e-37
3.183398400336290360e+05 3.268762458327579111e-37
3.257021365764423390e+05 3.325042176459198404e-37
3.332347021323285880e+05 3.382296182644585928e-37
3.409414745400645770e+05 3.440541415171840358e-37
3.488264827094561770e+05 3.499795107800221024e-37
3.568938487275526277e+05 3.560074794928415818e-37
3.651477900135714444e+05 3.621398316853431277e-37
3.735926215236608987e+05 3.683783825121629567e-37
3.822327580066523515e+05 3.747249787973750318e-37
3.910727163119812612e+05 3.811814995885072856e-37
4.001171177509847912e+05 3.877466396230409342e-37
4.093706905128085054e+05 3.941732626614780358e-37
4.188382721361867152e+05 4.007070873072968588e-37
4.285248120383880450e+05 4.073499094254148080e-37
4.384353741026482894e+05 4.141035550509848228e-37
4.485751393254428403e+05 4.209698808972300268e-37
4.589494085249839118e+05 4.279507748717895467e-37
4.695636051123584621e+05 4.350481566018246502e-37
4.804232779267459409e+05 4.422639779679334825e-37
4.915341041362253600e+05 4.496002236470808702e-37
5.029018922056503943e+05 4.569891287826074306e-37
5.145325849331732607e+05 4.642908962017660514e-37
5.264322625569922384e+05 4.717099596307906003e-37
5.386071459339497378e+05 4.792482104121644688e-37
5.510635997916420456e+05 4.869075704659558041e-37
5.638081360557416920e+05 4.946899927851030267e-37
5.768474172542706365e+05 5.025974619387326749e-37
5.901882600006050197e+05 5.106319945836194924e-37
6.038376385570320999e+05 5.187956399839857097e-37
6.178026884807216702e+05 5.270904805396786065e-37
6.320907103540187236e+05 5.355186323229653189e-37
6.467091736010072054e+05 5.440822456239842300e-37
6.616657203923399793e+05 5.527835055050990057e-37
6.769681696403762326e+05 5.616246323641998777e-37
6.926245210867157439e+05 5.706078825071644072e-37
7.086429594842651859e+05 5.797355487296084448e-37
7.250318588760248385e+05 5.890099609080326103e-37
7.417997869728303049e+05 5.984334866006403382e-37
7.589555096323402831e+05 6.080085316578219775e-37
7.765079954416126711e+05 6.177375408425892593e-37
7.944664204056471353e+05 6.276229984610370601e-37
8.128401727443926502e+05 6.376674290030941388e-37
8.316388578006634489e+05 6.478733977935960918e-37
8.508723030615777243e+05 6.582435116539830486e-37
8.705505632961248048e+05 6.687804195746989502e-37
8.906839258115490666e+05 6.791049108091667217e-37
9.112829158312997315e+05 6.894885639738371823e-37
9.323583019973569317e+05 7.000322992575401189e-37
9.539211019998112461e+05 7.107385983002687333e-37
9.759825883366391063e+05 7.216099813615669544e-37
9.985542942066858523e+05 7.326490079232906681e-37
1.021648019538936554e+06 7.433942474135289815e-37
1.045275837161226547e+06 7.542662003037908567e-37
1.069450099111617077e+06 7.652980616098547909e-37
1.094183443095735041e+06 7.764921917951033714e-37
1.119488799093452049e+06 7.878509862452136918e-37
1.145379396118358709e+06 7.993768757854680384e-37
1.171868769133564550e+06 8.110723272059017076e-37
1.198970766127442243e+06 8.229398437940651952e-37
1.226699555353012634e+06 8.349819658758621450e-37
1.255069632734762039e+06 8.472012713642311927e-37
1.284095829446731601e+06 8.596003763161396081e-37
1.313793319665919989e+06 8.721819354976600451e-37
1.344177628504944965e+06 8.849486429576074889e-37
1.375264640128194820e+06 8.979032326094978567e-37
1.407070606055675307e+06 9.110484788223255519e-37
1.439612153658902040e+06 9.243871970199089005e-37
1.472906294853278901e+06 9.379222442893226526e-37
1.506970434991505696e+06 9.516565199981482689e-37
1.541822381962666288e+06 9.655929664210782164e-37
1.577480355501752114e+06 9.797345693756530999e-37
1.613962996714487439e+06 9.940843588675046489e-37
1.651289377822439186e+06 1.008645409745176557e-36
1.689479012133501936e+06 1.023420842364581973e-36
1.728551864242971176e+06 1.037996649975131941e-36
1.768528360470540822e+06 1.052623453326613823e-36
1.809429399538676720e+06 1.067457437918574553e-36
1.851276363497950602e+06 1.082501549183343065e-36
1.894091128905048827e+06 1.097758774540216450e-36
1.937896078259291826e+06 1.112826035605058211e-36
1.982714111703653354e+06 1.127793896000447891e-36
2.028568658996394137e+06 1.142964556557002159e-36
2.075483691759528127e+06 1.158340777456894828e-36
2.123483736010641791e+06 1.173925356557995152e-36
2.172593884984455071e+06 1.189721129909182040e-36
2.222839812250953168e+06 1.205730972272675451e-36
2.274247785136891995e+06 1.221957797653411855e-36
2.326844678457707167e+06 1.238404559835938515e-36
2.380657988567001186e+06 1.255074252928346498e-36
2.435715847730956972e+06 1.271969911913883208e-36
2.492047038835189305e+06 1.289094613210011906e-36
2.549681010431726929e+06 1.306451475235189839e-36
2.608647892133983318e+06 1.324043658983332248e-36
2.668978510367774870e+06 1.341874368606220820e-36
2.730704404486613348e+06 1.359946852003848596e-36
2.793857843259696383e+06 1.378264401422855995e-36
2.858471841741223820e+06 1.396830354063199625e-36
2.924580178529850207e+06 1.415648092693055047e-36
2.992217413427298423e+06 1.434721046272222610e-36
3.061418905505369417e+06 1.453366616513757053e-36
3.132220831590789370e+06 1.472166737173684794e-36
3.204660205177559517e+06 1.491211319123975597e-36
3.278774895776706748e+06 1.510503551006007405e-36
3.354603648713473231e+06 1.530046663128678815e-36
3.432186105382494163e+06 1.549843928013399500e-36
3.511562823971283156e+06 1.569898660946345040e-36
3.592775300663061440e+06 1.590214220537925037e-36
3.675865991329935845e+06 1.610794009289503121e-36
3.760878333727778867e+06 1.631641474167572290e-36
3.847856770204408560e+06 1.652760107185522572e-36
3.936846770932951011e+06 1.674153445992873391e-36
4.027894857682518661e+06 1.695825074472323099e-36
4.121048628138641361e+06 1.717778623344679482e-36
4.216356780786156654e+06 1.739676060090652773e-36
4.313869140367571265e+06 1.761217918831545553e-36
4.413636683930205181e+06 1.783029044990619580e-36
4.515711567475729622e+06 1.805112825141131395e-36
4.620147153226028197e+06 1.827472688636248330e-36
4.726998037519654259e+06 1.850112108151301354e-36
4.836320079353437759e+06 1.873034600232871172e-36
4.948170429584187455e+06 1.896243725854926412e-36
5.062607560805747285e+06 1.919743090982018251e-36
5.179691297917015851e+06 1.943536347139582589e-36
5.299482849396925420e+06 1.967627191991569266e-36
5.422044839302740060e+06 1.992019369925305794e-36
5.547441340008276515e+06 2.016716672644000516e-36
5.675737905699482188e+06 2.041722939766504324e-36
5.807001606644458137e+06 2.067042059434864156e-36
5.941301064256152138e+06 2.092677968929686307e-36
6.078706486965936609e+06 2.118634655293071692e-36
6.219289706926839426e+06 2.144916155959639221e-36
6.363124217565611005e+06 2.171526559395659012e-36
6.510285212003272027e+06 2.198470005746062575e-36
6.660849622364214621e+06 2.225750687489831451e-36
6.814896159994412214e+06 2.253372850103837125e-36
6.972505356609759852e+06 2.281340792734829535e-36
7.133759606396065094e+06 2.308919097916197675e-36
7.298743209082686342e+06 2.336677307445892622e-36
7.467542414012345485e+06 2.364771326036959335e-36
7.640245465230148286e+06 2.393205231435948703e-36
7.816942647615383379e+06 2.421983151023314455e-36
7.997726334080228582e+06 2.451109262418609954e-36
8.182691033860016614e+06 2.480587794092965253e-36
8.371933441920324229e+06 2.510423025989032869e-36
8.565552489506708458e+06 2.540619290148598373e-36
8.763649395863546059e+06 2.571180971347844776e-36
8.966327721148807555e+06 2.602112507740148769e-36
9.173693420572955161e+06 2.633252924302983626e-36
9.385854899789564312e+06 2.663666375809977769e-36
9.602923071567147970e+06 2.694435775384389080e-36
9.825011413771605119e+06 2.725565329043076093e-36
1.005223602868964523e+07 2.756859133403404964e-36
1.028471570372418314e+07 2.787830297251676140e-36
1.052257197349345684e+07 2.819152859456151133e-36
1.076592918336631171e+07 2.850830834245901260e-36
1.101491455446688645e+07 2.882868281942778772e-36
1.126965825018266216e+07 2.915269309493063834e-36
1.153029344421066158e+07 2.948038071004868303e-36
1.179695639017735980e+07 2.981178768292157608e-36
1.206978649286870845e+07 3.014695651424805394e-36
1.234892638110749982e+07 3.048593019285004332e-36
1.263452198231619224e+07 3.082875220130366526e-36
1.292672259880415350e+07 3.117546652163293897e-36
1.322568098581920192e+07 3.152611764106944608e-36
1.353155343140427954e+07 3.188075055788098235e-36
1.384449983810096234e+07 3.223941078726535797e-36
1.416468380654255860e+07 3.260214436731249373e-36
1.449227272098051943e+07 3.296899786503752586e-36
1.482743783678855374e+07 3.334001838248112416e-36
1.517035436999104545e+07 3.371525356288314417e-36
1.552120158886141703e+07 3.409475159692567770e-36
1.588016290763920732e+07 3.447856122904808082e-36
1.624742598241449706e+07 3.486673176383793519e-36
1.662318280922985449e+07 3.525931307249333874e-36
1.700762982445112988e+07 3.565635559935975315e-36
1.740096800745950639e+07 3.605791036854561101e-36
1.780340298571855947e+07 3.646402899061164451e-36
1.821514514227119461e+07 3.687476366933749047e-36
1.863640972572270036e+07 3.729016720857009529e-36
1.906741696276738495e+07 3.771029301914644282e-36
1.950839217331763357e+07 3.813519512590139646e-36
1.995956588829559460e+07 3.856492817475339214e-36
2.042117397014902905e+07 3.898567547560597871e-36
2.089345773615436256e+07 3.940973593950933710e-36
2.137666408457137272e+07 3.983849596162984219e-36
2.187104562371549755e+07 4.027200836582527608e-36
2.237686080401521549e+07 4.071032657640689149e-36
2.289437405312350020e+07 4.115350462502578339e-36
2.342385591415418684e+07 4.160159715763847460e-36
2.396558318711479381e+07 4.205465944155903894e-36
2.451983907361131534e+07 4.251274737258393688e-36
2.508691332489861175e+07 4.297591748220795905e-36
2.566710239335528389e+07 4.344422694491778016e-36
2.626070958746165782e+07 4.391773358556971177e-36
2.686804523036192730e+07 4.439649588685824872e-36
2.748942682209341973e+07 4.488057299686550697e-36
2.812517920556775481e+07 4.537002473669794038e-36
2.877563473639066890e+07 4.586491160821688507e-36
2.944113345660931244e+07 4.636529480185302849e-36
3.012202327247779444e+07 4.686787966847406273e-36
3.081866013633397222e+07 4.736027764313820104e-36
3.153140823268251866e+07 4.785791559418590753e-36
3.226064016858155653e+07 4.836084981972808941e-36
3.300673716843241081e+07 4.886913722737119446e-36
3.377008927327428758e+07 4.938283534085279708e-36
3.455109554468806833e+07 4.990200230675765466e-36
3.535016427341582626e+07 5.042669690130516015e-36
3.616771319280511141e+07 5.095697853720650031e-36
3.700416969718962163e+07 5.149290727060594598e-36
3.785997106532049924e+07 5.203454380808920192e-36
3.873556468896426260e+07 5.258194951377304890e-36
3.963140830678902566e+07 5.313518641647530225e-36
4.054797024365834892e+07 5.369431721695471010e-36
4.148572965546005219e+07 5.425940529524122437e-36
4.244517677959699184e+07 5.483051471803630497e-36
4.342681319127111882e+07 5.540771024620218689e-36
4.443115206569450349e+07 5.597785397061044039e-36
4.545871844636466354e+07 5.654803704789058273e-36
4.651004951954431832e+07 5.712416938551559923e-36
4.758569489508903027e+07 5.770631420483647468e-36
4.868621689376965910e+07 5.829453540865312624e-36
4.981219084123974293e+07 5.888889758863713215e-36
5.096420536880146712e+07 5.948946603284439889e-36
5.214286272112757713e+07 6.009630673330229159e-36
5.334877907109995931e+07 6.070948639368587441e-36
5.458258484192957729e+07 6.132907243707727392e-36
5.584492503672612458e+07 6.195513301380743044e-36
5.713645957568965107e+07 6.258773700938977241e-36
5.845786364110054821e+07 6.322695405253349912e-36
5.980982803028809279e+07 6.387285452325385803e-36
6.119305951676245779e+07 6.452550956106313958e-36
6.260828121969739348e+07 6.518499107325626118e-36
6.405623298196054250e+07 6.585137174329041909e-36
6.553767175688394159e+07 6.652472503924791681e-36
6.705337200398078561e+07 6.720512522240279024e-36
6.860412609381362796e+07 6.789264735587195905e-36
7.019074472222612798e+07 6.858736731336831726e-36
7.181405733415476978e+07 6.928936178804858675e-36
7.347491255724211037e+07 6.999870830145495804e-36
7.517417864547835290e+07 7.071548521256217161e-36
7.691274393310295045e+07 7.143977172691484522e-36
7.869151729900383949e+07 7.217164790587598815e-36
8.051142864185675979e+07 7.291119467596736502e-36
8.237342936625333130e+07 7.365849383831781262e-36
8.427849288007169962e+07 7.441362807821908199e-36
8.622761510335019231e+07 7.517668097477648355e-36
8.822181498892959952e+07 7.594773701067793561e-36
9.026213505513650179e+07 7.672688158205901870e-36
9.234964193078605831e+07 7.751420100848839776e-36
9.448542691278909147e+07 7.830978254305067999e-36
9.667060653665514290e+07 7.910426026314691771e-36
9.890632316018959880e+07 7.989632837666814090e-36
1.011937455606904179e+08 2.578012797665604180e-36
1.035340695459543914e+08 2.596905778750731991e-36
1.059285185794182867e+08 2.615938657285787624e-36
1.083783444197535664e+08 2.635112474526682707e-36
